<Frame>: 0 1 Monster_WolfRider
	<Transform>: 0 -8 0 0 0 0 60 60 60 0 0 0 1  
	<TransformMatrix>: 60 0 0 0 0 60 0 0 0 0 60 0 0 -8 0 1  
	<Children>: 7
		<Frame>: 1 0 Bip001
			<Transform>: 1.804778E-16 0.9177262 -0.41005 356.725 -4.297231E-05 90 0.9999999 0.9999999 0.9999999 -0.02020666 0.02020613 0.706818 0.706818  
			<TransformMatrix>: 1.192093E-07 0.9983668 -0.05712897 0 -0.9999999 5.960464E-08 -7.525086E-07 0 -7.487833E-07 0.05712897 0.9983668 0 1.804778E-16 0.9177262 -0.41005 1  
			<Children>: 2
				<Frame>: 2 0 Bip001_Footsteps
					<Transform>: -0.2427677 -0.004230995 0.2164561 359.5756 91.05087 266.8558 1 1 1 0.519997 -0.4886439 0.5069782 -0.4835322  
					<TransformMatrix>: 0.008400619 -0.9984673 0.05470407 0 -0.01790613 -0.05484748 -0.9983342 0 0.9998044 0.007407069 -0.0183394 0 -0.2427677 -0.004230995 0.2164561 1  
					<Children>: 0
				</Frame>
				<Frame>: 3 0 Bip001_Pelvis
					<Transform>: 0 0 0 270 89.99993 0 1 1 1 -0.5 0.5 0.4999993 0.5000007  
					<TransformMatrix>: 1.311302E-06 0 -1 0 -1 1.311302E-06 -1.311302E-06 0 1.311302E-06 1 0 0 0 0 0 1  
					<Children>: 4
						<Frame>: 4 0 Bip001_L_Thigh
							<Transform>: 1.937866E-07 1.937866E-07 0.1598701 359.5417 179.6322 292.2453 1 1 1 -0.5574204 0.8302146 0.001531031 0.004894021  
							<TransformMatrix>: -0.378517 -0.9255422 -0.009833032 0 -0.9255721 0.3785602 -0.002913887 0 0.00641932 0.007998223 -0.9999475 0 1.937866E-07 1.937866E-07 0.1598701 1  
							<Children>: 1
								<Frame>: 5 0 Bip001_L_Calf
									<Transform>: -0.4031323 0 0 -1.629828E-10 -5.759587E-08 67.72842 0.9999999 0.9999999 1 -2.812535E-10 -4.165623E-10 0.5572265 0.8303606  
									<TransformMatrix>: 0.3789971 0.9253978 3.783499E-10 0 -0.9253978 0.3789971 -9.313227E-10 0 -1.005238E-09 2.844586E-12 1 0 -0.4031323 0 0 1  
									<Children>: 1
										<Frame>: 6 0 Bip001_L_Foot
											<Transform>: -0.1799967 0 1.211167E-08 354.912 1.494558 8.763551 0.9999999 1 1 -0.04325792 0.01638212 0.07689729 0.9959655  
											<TransformMatrix>: 0.9876367 0.1517568 -0.03928489 0 -0.1545914 0.9844311 -0.08364731 0 0.02597923 0.08868627 0.9957207 0 -0.1799967 0 1.211167E-08 1  
											<Children>: 1
												<Frame>: 7 0 Bip001_L_Toe0
													<Transform>: -0.09148869 0.3682731 -0.002201586 6.651099 9.168965 173.5458 0.9999998 1 1 0.08292293 -0.05324002 0.993283 0.06064808  
													<TransformMatrix>: -0.978891 0.1116518 0.1711896 0 -0.1293111 -0.9869746 -0.09570657 0 0.1582741 -0.115823 0.9805786 0 -0.09148869 0.3682731 -0.002201586 1  
													<Children>: 1
														<Frame>: 8 0 Bip001_L_Toe0Nub
															<Transform>: -0.2910497 0 7.266998E-08 1.494104E-06 -2.618017E-06 180 -0.9999999 -1 -1 -2.284651E-08 -1.303852E-08 1 -3.59117E-16  
															<TransformMatrix>: 0.9999999 1.224647E-16 4.569301E-08 0 -1.314003E-15 1 2.607703E-08 0 4.569302E-08 2.607703E-08 -1 0 -0.2910497 0 7.266998E-08 1  
															<Children>: 0
														</Frame>
												</Frame>
										</Frame>
								</Frame>
						</Frame>
						<Frame>: 9 0 Bip001_R_Thigh
							<Transform>: -2.906799E-07 -1.937866E-07 -0.1598701 359.9412 179.9714 268.8413 0.9999999 1 1 0.7142203 -0.6999208 -0.0001808043 -0.0005412983  
							<TransformMatrix>: 0.02022177 -0.999795 -0.001016 0 -0.9997955 -0.02022147 -0.0005201153 0 0.0004994637 0.00102631 -0.9999995 0 -2.906799E-07 -1.937866E-07 -0.1598701 1  
							<Children>: 1
								<Frame>: 10 0 Bip001_R_Calf
									<Transform>: -0.4031325 -2.422333E-08 1.211167E-08 -4.515084E-09 -4.091861E-10 95.17838 1 0.9999999 1 -2.921049E-11 2.668295E-11 0.738328 0.6744418  
									<TransformMatrix>: -0.09025657 0.9959185 -7.912604E-11 0 -0.9959184 -0.09025656 3.469447E-18 0 -7.141645E-12 7.880309E-11 1 0 -0.4031325 -2.422333E-08 1.211167E-08 1  
									<Children>: 1
										<Frame>: 11 0 Bip001_R_Foot
											<Transform>: -0.1799966 0 0 4.562085 356.5908 319.115 1 1 1 0.04765928 -0.0139557 -0.3477269 0.9362798  
											<TransformMatrix>: 0.7577825 -0.6524696 -0.007011946 0 0.6498091 0.7536291 0.09895039 0 -0.05927772 -0.07953929 0.9950677 0 -0.1799966 0 0 1  
											<Children>: 1
												<Frame>: 12 0 Bip001_R_Toe0
													<Transform>: -0.09148876 0.3682731 0.002201586 1.279176 350.9006 218.3319 1 0.9999999 1 -0.07857519 0.01552993 0.9412459 -0.3280867  
													<TransformMatrix>: -0.7723701 -0.620061 -0.1377268 0 0.6151799 -0.7842358 0.0807939 0 -0.1581075 -0.02232398 0.9871695 0 -0.09148876 0.3682731 0.002201586 1  
													<Children>: 1
														<Frame>: 13 0 Bip001_R_Toe0Nub
															<Transform>: -0.2910497 1.211167E-08 2.422333E-08 -1.86763E-07 4.610711E-07 -1.067217E-06 1 0.9999998 1 -1.629815E-09 4.023605E-09 -9.313225E-09 1  
															<TransformMatrix>: 1 -1.862645E-08 -8.047209E-09 0 1.862645E-08 0.9999998 -3.259629E-09 0 8.047209E-09 3.259629E-09 1 0 -0.2910497 1.211167E-08 2.422333E-08 1  
															<Children>: 0
														</Frame>
												</Frame>
										</Frame>
								</Frame>
						</Frame>
						<Frame>: 14 0 Bip001_Spine
							<Transform>: -0.1837983 -0.0005832977 2.539999E-07 -0.0002333675 3.67061E-05 5.097491 1 1 1 -2.020256E-06 4.105667E-07 0.04446933 0.9990108  
							<TransformMatrix>: 0.9960449 0.08885069 -1E-06 0 -0.08885069 0.9960449 -4E-06 0 6.406423E-07 4.073031E-06 1 0 -0.1837983 -0.0005832977 2.539999E-07 1  
							<Children>: 4
								<Frame>: 15 0 Bip001_L_Clavicle
									<Transform>: -0.6808963 -0.0009291099 0.07190938 345.7883 294.6629 208.2148 1 1 1 -0.4940964 0.2315489 0.826423 -0.1388481  
									<TransformMatrix>: -0.4731798 -0.4583095 -0.7523651 0 0.0006795973 -0.8542126 0.5199233 0 -0.8809656 0.2455059 0.4045077 0 -0.6808963 -0.0009291099 0.07190938 1  
									<Children>: 1
										<Frame>: 16 0 Bip001_L_UpperArm
											<Transform>: -0.1868844 -9.68933E-08 0 331.1498 302.4079 85.54431 1 1 1 -0.47705 -0.1941944 0.4882627 0.7044938  
											<TransformMatrix>: 0.4477762 0.8732369 -0.1922339 0 -0.5026751 0.06804574 -0.8617933 0 -0.7394689 0.4825218 0.4694237 0 -0.1868844 -9.68933E-08 0 1  
											<Children>: 1
												<Frame>: 17 0 Bip001_L_Forearm
													<Transform>: -0.5053442 -4.844667E-08 0 -4.791929E-07 -1.197182E-06 43.74144 1 1 1 -7.772566E-09 -8.137695E-09 0.3725136 0.9280267  
													<TransformMatrix>: 0.7224672 0.6914051 9.313224E-09 0 -0.6914051 0.7224672 -2.04891E-08 0 -2.089477E-08 8.363493E-09 1 0 -0.5053442 -4.844667E-08 0 1  
													<Children>: 1
														<Frame>: 18 0 Bip001_L_Hand
															<Transform>: -0.27935 0 0 348.9436 7.349949 24.05753 1 0.9999999 1 -0.08073059 0.08243277 0.2130461 0.9702055  
															<TransformMatrix>: 0.8956324 0.4000873 -0.1943521 0 -0.4267066 0.8961877 -0.1215266 0 0.1255548 0.1917745 0.9733748 0 -0.27935 0 0 1  
															<Children>: 0
														</Frame>
												</Frame>
										</Frame>
								</Frame>
								<Frame>: 19 0 Bip001_Neck
									<Transform>: -0.7374275 -0.06017987 -1.778E-07 6.033973E-05 9.741844E-05 328.2265 0.9999999 0.9999999 1 2.737372E-07 9.618049E-07 -0.2737371 0.9618046  
									<TransformMatrix>: 0.8501359 -0.5265632 -2E-06 0 0.5265632 0.8501359 5.684341E-14 0 1.700273E-06 -1.053127E-06 1 0 -0.7374275 -0.06017987 -1.778E-07 1  
									<Children>: 1
										<Frame>: 20 0 Bip001_Head
											<Transform>: -0.2570541 -9.68933E-08 -1.848093E-13 1.567131E-13 3.253115E-12 357.242 0.9999999 0.9999999 1 6.839881E-16 2.841348E-14 -0.02406569 0.9997104  
											<TransformMatrix>: 0.9988416 -0.04811743 -5.684341E-14 0 0.04811743 0.9988416 1.058791E-22 0 5.677757E-14 -2.73516E-15 1 0 -0.2570541 -9.68933E-08 -1.848093E-13 1  
											<Children>: 1
												<Frame>: 21 0 Bip001_HeadNub
													<Transform>: -0.4869893 0 1.848093E-13 -6.513775E-12 9.770663E-12 0 1 1 1 -5.684341E-14 8.526511E-14 4.84676E-27 1  
													<TransformMatrix>: 1 0 -1.705302E-13 0 -1.938704E-26 1 -1.136868E-13 0 1.705302E-13 1.136868E-13 1 0 -0.4869893 0 1.848093E-13 1  
													<Children>: 0
												</Frame>
										</Frame>
								</Frame>
								<Frame>: 22 0 Bip001_R_Clavicle
									<Transform>: -0.6808963 -0.0009287223 -0.07190938 14.65818 79.67561 234.3339 0.9999999 0.9999999 0.9999998 0.5205625 -0.3772542 0.7148822 -0.2750225  
									<TransformMatrix>: -0.3067546 -0.7859861 0.5367748 0 0.0004486739 -0.5640835 -0.8257173 0 0.9517884 -0.2530517 0.173388 0 -0.6808963 -0.0009287223 -0.07190938 1  
									<Children>: 1
										<Frame>: 23 0 Bip001_R_UpperArm
											<Transform>: -0.1868843 -9.68933E-08 -9.68933E-08 53.80723 66.13017 35.8389 1 0.9999998 0.9999998 0.510514 0.346264 -0.004955385 0.7870529  
											<TransformMatrix>: 0.7601533 0.345745 -0.5501158 0 0.3613455 0.4787017 0.8001712 0 0.5399965 -0.8070347 0.2389533 0 -0.1868843 -9.68933E-08 -9.68933E-08 1  
											<Children>: 1
												<Frame>: 24 0 Bip001_R_Forearm
													<Transform>: -0.5053442 -1.211166E-07 -1.211167E-08 -7.116141E-07 -7.062089E-07 69.9827 0.9999999 0.9999999 0.9999997 -8.62157E-09 -1.487689E-09 0.5734527 0.8192387  
													<TransformMatrix>: 0.342304 0.9395891 -7.450581E-09 0 -0.9395891 0.342304 -1.583248E-08 0 -1.232567E-08 1.242E-08 0.9999997 0 -0.5053442 -1.211166E-07 -1.211167E-08 1  
													<Children>: 1
														<Frame>: 25 0 Bip001_R_Hand
															<Transform>: -0.27935 9.68933E-08 0 13.07693 357.7751 45.11939 0.9999996 1 0.9999998 0.09773712 -0.06149027 0.3831202 0.9164526  
															<TransformMatrix>: 0.6988754 0.690203 0.1875959 0 -0.7142428 0.6873327 0.1320266 0 -0.03781569 -0.2262592 0.9733326 0 -0.27935 9.68933E-08 0 1  
															<Children>: 0
														</Frame>
												</Frame>
										</Frame>
								</Frame>
								<Frame>: 26 0 Bip002
									<Transform>: -0.05121976 -0.3245554 -6.44317E-07 72.62158 92.52466 89.32764 0.9999999 1 1 0.7004455 0.1263107 0.08731318 0.6969922  
									<TransformMatrix>: 0.9528439 0.2986607 -0.0537589 0 0.05523437 0.003504932 0.9984673 0 0.2983914 -0.9543529 -0.01315665 0 -0.05121976 -0.3245554 -6.44317E-07 1  
									<Children>: 2
										<Frame>: 27 0 Bip001_Footsteps001
											<Transform>: 0.2088298 2.622931E-07 -0.5317492 2.90283E-05 338.5589 270.0001 1 1 0.9999999 0.1315352 -0.131535 -0.6947646 0.6947656  
											<TransformMatrix>: 1.370907E-06 -1 0 0 0.9307941 1.251698E-06 0.3655439 0 -0.3655439 -5.066394E-07 0.930794 0 0.2088298 2.622931E-07 -0.5317492 1  
											<Children>: 0
										</Frame>
										<Frame>: 28 0 Bip001_Pelvis001
											<Transform>: 0 0 0 270 74.22576 0 1 1 1 -0.56388 0.4266593 0.4266603 0.5638813  
											<TransformMatrix>: 0.2718455 2.17557E-06 -0.962341 0 -0.962341 5.960464E-07 -0.2718455 0 -2.980232E-08 1 2.264977E-06 0 0 0 0 1  
											<Children>: 3
												<Frame>: 29 0 Bip001_L_Thigh001
													<Transform>: 1.937866E-07 1.937866E-07 0.1147686 332.055 155.9227 326.8207 1 1 1 -0.3192386 0.895185 0.1685279 0.2613981  
													<TransformMatrix>: -0.6595156 -0.4834494 -0.5756005 0 -0.6596609 0.7393702 0.1348305 0 0.3603981 0.4686239 -0.8065389 0 1.937866E-07 1.937866E-07 0.1147686 1  
													<Children>: 1
														<Frame>: 30 0 Bip001_L_Calf001
															<Transform>: -0.3972961 1.937866E-07 0 -1.398542E-07 -4.033276E-07 70.87597 1 1 0.9999999 -3.035156E-09 -2.160003E-09 0.5798214 0.8147436  
															<TransformMatrix>: 0.3276142 0.9448115 2.220446E-16 0 -0.9448115 0.3276142 -7.45058E-09 0 -7.039393E-09 2.440915E-09 0.9999999 0 -0.3972961 1.937866E-07 0 1  
															<Children>: 1
																<Frame>: 31 0 Bip001_L_Foot001
																	<Transform>: -0.2499466 6.055832E-08 4.844667E-08 7.926401 359.7098 358.9683 1 0.9999999 1 0.06913547 -0.001904002 -0.008806784 0.9975666  
																	<TransformMatrix>: 0.9998376 -0.01783398 0.002581015 0 0.01730744 0.9902853 0.137968 0 -0.00501646 -0.1379009 0.9904333 0 -0.2499466 6.055832E-08 4.844667E-08 1  
																	<Children>: 1
																		<Frame>: 32 0 Bip001_L_Toe001
																			<Transform>: -0.1074171 0.2397006 0 1.280661E-06 5.597776E-13 270 1 0.9999999 1 7.902536E-09 7.902539E-09 -0.7071066 0.7071069  
																			<TransformMatrix>: 3.576279E-07 -1 -2.235175E-08 0 0.9999999 3.576278E-07 -8.881783E-16 0 9.769963E-15 -2.235175E-08 1 0 -0.1074171 0.2397006 0 1  
																			<Children>: 1
																				<Frame>: 33 0 Bip001_L_Toe0Nub001
																					<Transform>: -0.01073127 -4.844667E-08 0 8.537735E-07 1.045571E-22 180 -1 -1 -1 4.562164E-25 -7.450579E-09 1 -6.123234E-17  
																					<TransformMatrix>: 1 1.224647E-16 0 0 -1.224647E-16 1 1.490116E-08 0 -1.824866E-24 1.490116E-08 -1 0 -0.01073127 -4.844667E-08 0 1  
																					<Children>: 0
																				</Frame>
																		</Frame>
																</Frame>
														</Frame>
												</Frame>
												<Frame>: 34 0 Bip001_R_Thigh001
													<Transform>: -1.937866E-07 -7.266998E-08 -0.1147686 28.17797 207.8008 331.8511 1 1 1 -0.2856841 0.8990296 -0.1725426 -0.2834775  
													<TransformMatrix>: -0.6760504 -0.4158531 0.6082947 0 -0.6115009 0.7772273 -0.1482718 0 -0.4111239 -0.4722119 -0.7797394 0 -1.937866E-07 -7.266998E-08 -0.1147686 1  
													<Children>: 1
														<Frame>: 35 0 Bip001_R_Calf001
															<Transform>: -0.3972964 0 4.844667E-08 -1.22406E-06 2.081613E-06 75.45699 1 1 1 2.66729E-09 2.090394E-08 0.6119205 0.7909193  
															<TransformMatrix>: 0.2511067 0.9679594 -2.980232E-08 0 -0.9679594 0.2511067 2.980232E-08 0 3.6331E-08 2.136387E-08 1 0 -0.3972964 0 4.844667E-08 1  
															<Children>: 1
																<Frame>: 36 0 Bip001_R_Foot001
																	<Transform>: -0.2499468 0 -9.68933E-08 349.6475 359.2844 353.5252 1 0.9999999 1 -0.08972289 -0.01130459 -0.05680441 0.9942813  
																	<TransformMatrix>: 0.9932909 -0.1109306 0.03267319 0 0.1149877 0.977446 -0.1771353 0 -0.01228657 0.1797039 0.983644 0 -0.2499468 0 -9.68933E-08 1  
																	<Children>: 1
																		<Frame>: 37 0 Bip001_R_Toe001
																			<Transform>: -0.1074171 0.2397006 -4.844667E-08 0 0 270 1 1 1 0 0 -0.7071066 0.7071069  
																			<TransformMatrix>: 3.576279E-07 -1 0 0 1 3.576279E-07 0 0 0 0 1 0 -0.1074171 0.2397006 -4.844667E-08 1  
																			<Children>: 1
																				<Frame>: 38 0 Bip001_R_Toe0Nub001
																					<Transform>: -0.01073135 1.937866E-07 4.844667E-08 0 4.268868E-07 0 1 1 1 0 3.72529E-09 0 1  
																					<TransformMatrix>: 1 0 -7.45058E-09 0 0 1 0 0 7.45058E-09 0 1 0 -0.01073135 1.937866E-07 4.844667E-08 1  
																					<Children>: 0
																				</Frame>
																		</Frame>
																</Frame>
														</Frame>
												</Frame>
												<Frame>: 39 0 Bip001_Spine001
													<Transform>: -0.1115943 -0.03167731 0.0001235957 337.2684 11.61637 318.1623 1 1 1 -0.2185613 0.02267194 -0.3296173 0.9181882  
													<TransformMatrix>: 0.7816769 -0.6152117 0.102449 0 0.5953909 0.6871668 -0.416307 0 0.1857174 0.3864147 0.9034339 0 -0.1115943 -0.03167731 0.0001235957 1  
													<Children>: 3
														<Frame>: 40 0 Bip001_L_Clavicle001
															<Transform>: -0.3373821 2.732392E-05 0.06664625 2.66431 296.0159 174.6627 0.9999999 1 1 -0.5281661 -0.04435712 0.8475462 0.0271744  
															<TransformMatrix>: -0.4406043 0.09291896 -0.8928794 0 0.0007927269 -0.994588 -0.1038946 0 -0.8977011 -0.04648422 0.4381461 0 -0.3373821 2.732392E-05 0.06664625 1  
															<Children>: 1
																<Frame>: 41 0 Bip001_L_UpperArm001
																	<Transform>: -0.1931163 9.68933E-08 0 329.1913 337.3031 343.0757 0.9999999 0.9999999 0.9999999 -0.2296843 -0.2259654 -0.1907957 0.9272442  
																	<TransformMatrix>: 0.8250731 -0.250027 0.5066958 0 0.4576299 0.8216841 -0.3397203 0 -0.3314047 0.5121732 0.7923694 0 -0.1931163 9.68933E-08 0 1  
																	<Children>: 1
																		<Frame>: 42 0 Bip001_L_Forearm001
																			<Transform>: -0.3059905 -4.844667E-08 0 -1.986865E-06 2.818844E-06 117.1734 1 1 1 1.195652E-08 2.761855E-08 0.8534299 0.5212077  
																			<TransformMatrix>: -0.4566851 0.8896285 -8.381903E-09 0 -0.8896285 -0.4566851 5.960466E-08 0 4.919811E-08 3.467733E-08 1 0 -0.3059905 -4.844667E-08 0 1  
																			<Children>: 1
																				<Frame>: 43 0 Bip001_L_Hand001
																					<Transform>: -0.2343465 9.68933E-08 -2.906799E-07 284.8687 194.597 169.4723 1 1 1 -0.7900231 0.004994706 0.04479448 0.6114181  
																					<TransformMatrix>: 0.995937 0.04688445 -0.07688506 0 -0.06266818 -0.2522861 -0.9656214 0 -0.06466965 0.9665163 -0.248323 0 -0.2343465 9.68933E-08 -2.906799E-07 1  
																					<Children>: 1
																						<Frame>: 44 0 ORC_Units_Shield_B
																							<Transform>: -0.1943108 -0.006865665 0.07460155 44.97718 86.79293 83.42093 1.029025 1.029025 1.029025 0.6298527 0.2889608 0.2505223 0.676037  
																							<TransformMatrix>: 0.7280151 0.7231268 -0.07729226 0 0.02601461 0.08340092 1.02531 0 0.7267804 -0.7273407 0.04072328 0 -0.1943108 -0.006865665 0.07460155 1  
																							<Mesh>: 52 ORC_Units_Shield_B
																								<Bounds>: 2.607703E-08 0 5.960464E-08 0.1107024 0.393877 0.3491699
																								<Positions>: 52 -0.04819449 -0.3919083 -0.1818285 -0.1107024 -0.3611943 0.1003448 -0.09855644 -0.1057634 0.01457581 0.001357378 -0.1376849 -0.255045 0.06089643 0.13926 -0.3491699 0.03929019 0.393877 -0.1525308 -0.05252707 -0.3684642 0.101286 -0.01257515 -0.393877 -0.1706363 -0.01010418 -0.1315635 0.02094058 0.02983379 -0.1385622 -0.2385242 0.08750038 0.1364329 -0.336951 0.07541832 0.3849491 -0.1504698 -0.05252707 -0.3684642 0.101286 -0.04819449 -0.3919083 -0.1818285 -0.01257515 -0.393877 -0.1706363 -0.1107024 -0.3611943 0.1003448 0.02983379 -0.1385622 -0.2385242 0.06089643 0.13926 -0.3491699 0.08750038 0.1364329 -0.336951 0.001357378 -0.1376849 -0.255045 -0.01257515 -0.393877 -0.1706363 -0.04819449 -0.3919083 -0.1818285 0.08750038 0.1364329 -0.336951 0.03929019 0.393877 -0.1525308 0.07541832 0.3849491 -0.1504698 0.06089643 0.13926 -0.3491699 -0.03744621 -0.229071 0.34917 -0.09855644 -0.1057634 0.01457581 -0.1107024 -0.3611943 0.1003448 0.01393554 0.04720036 0.2560823 0.0827713 0.3495666 0.1315349 0.03929019 0.393877 -0.1525308 -0.05252707 -0.3684642 0.101286 -0.01010418 -0.1315635 0.02094058 -0.002354168 -0.2379237 0.339786 0.05121049 0.03327973 0.2398807 0.1107024 0.3391871 0.1223369 0.07541832 0.3849491 -0.1504698 -0.05252707 -0.3684642 0.101286 -0.03744621 -0.229071 0.34917 -0.1107024 -0.3611943 0.1003448 -0.002354168 -0.2379237 0.339786 0.05121049 0.03327973 0.2398807 0.0827713 0.3495666 0.1315349 0.01393554 0.04720036 0.2560823 0.1107024 0.3391871 0.1223369 -0.002354168 -0.2379237 0.339786 -0.03744621 -0.229071 0.34917 0.1107024 0.3391871 0.1223369 0.03929019 0.393877 -0.1525308 0.0827713 0.3495666 0.1315349 0.07541832 0.3849491 -0.1504698  
																								<Colors>: 0  
																								<TextureCoords0>: 52 0.9372419 0.4682307 0.9966393 0.4536589 0.9968529 0.5052983 0.9418734 0.5249885 0.9428053 0.5853931 0.9957272 0.6107593 0.9522219 0.6195896 0.9972987 0.6279866 0.9534954 0.6564083 0.9949799 0.6688777 0.99626 0.712409 0.957398 0.7321982 0.9966667 0.4445828 0.9372419 0.4682307 0.9357579 0.4582652 0.9966393 0.4536589 0.930051 0.5248988 0.9428053 0.5853931 0.9311997 0.591775 0.9418734 0.5249885 0.9258584 0.4690652 0.9372419 0.4682307 0.9311997 0.591775 0.9957272 0.6107593 0.9956924 0.6230071 0.9428053 0.5853931 0.9372419 0.4682307 0.9968529 0.5052983 0.9966393 0.4536589 0.9418734 0.5249885 0.9428053 0.5853931 0.9957272 0.6107593 0.9522219 0.6195896 0.9534954 0.6564083 0.9972987 0.6279866 0.9949799 0.6688777 0.99626 0.712409 0.957398 0.7321982 0.9966667 0.4445828 0.9372419 0.4682307 0.9966393 0.4536589 0.9357579 0.4582652 0.930051 0.5248988 0.9428053 0.5853931 0.9418734 0.5249885 0.9311997 0.591775 0.9258584 0.4690652 0.9372419 0.4682307 0.9311997 0.591775 0.9957272 0.6107593 0.9428053 0.5853931 0.9956924 0.6230071  
																								<TextureCoords1>: 0  
																								<Normals>: 52 -0.9569268 0.02980289 -0.2887954 -0.9987108 0.05014243 0.007900493 -0.9866068 0.1589107 -0.03679996 -0.9316026 0.07961668 -0.3546516 -0.9376044 0.1336175 -0.3210053 -0.9666995 0.2522272 -0.04328616 0.985598 -0.1665355 0.0293674 0.9803397 -0.1223148 0.1548329 0.9845887 -0.1726852 0.02765633 0.9783019 -0.1382491 0.1543137 0.9767893 -0.111523 0.1828803 0.9868226 -0.161728 0.005022825 -0.1203693 -0.9485693 0.2927926 -0.08644754 -0.9929661 0.08090248 -0.08037312 -0.9934652 0.08103678 -0.1232188 -0.9480533 0.293278 0.4617836 -0.3359403 -0.8209141 0.3600683 -0.3796496 -0.8521836 0.3524124 -0.3800033 -0.8552211 0.4563249 -0.3372121 -0.8234413 0.2847073 -0.3139083 -0.9057612 0.26868 -0.3145702 -0.9104156 0.3766447 0.5850419 -0.7182372 0.2563646 0.8909747 -0.3747552 0.2427275 0.8969123 -0.3696373 0.3893477 0.5834694 -0.7127214 -0.9490929 0.1968713 0.2458949 -0.9866068 0.1589107 -0.03679996 -0.9987108 0.05014243 0.007900493 -0.9248125 0.2883646 0.2481285 -0.9262372 0.3161218 0.2053089 -0.9666995 0.2522272 -0.04328616 0.985598 -0.1665355 0.0293674 0.9845887 -0.1726852 0.02765633 0.9713333 -0.2174158 -0.09613507 0.9686509 -0.227376 -0.1000782 0.9655556 -0.2167948 -0.1438833 0.9868226 -0.161728 0.005022825 -0.1203693 -0.9485693 0.2927926 -0.09079596 -0.8656676 0.4923168 -0.1232188 -0.9480533 0.293278 -0.08683907 -0.8660788 0.4923072 0.4580111 0.2364733 0.8569167 0.3948193 0.2622361 0.8805395 0.4542954 0.237173 0.8586994 0.3887008 0.2636351 0.8828411 0.322543 0.2496156 0.9130487 0.3087636 0.2516358 0.9172483 0.3618702 0.9278165 0.09058996 0.2563646 0.8909747 -0.3747552 0.3721122 0.9240839 0.08718633 0.2427275 0.8969123 -0.3696373  
																								<Tangents>: 52 -0.2542279 0.394371 0.8830853 0.0254662 0.3602983 0.9324895 0.0287781 0.3916436 0.9196669 -0.2888188 0.4302487 0.85526 -0.2251662 0.4701585 0.8533763 0.07221963 0.431142 0.8993891 -0.01823227 -0.2773001 -0.9606104 0.1095089 -0.3154831 -0.9425912 -0.03019201 -0.3236037 -0.9457109 0.09930205 -0.3408079 -0.9348738 0.1217857 -0.4132095 -0.9024556 -0.0631384 -0.4134642 -0.9083286 -0.4551551 0.3148436 0.832891 -0.3474594 0.1061579 0.9316666 -0.3255305 0.1030038 0.9399043 -0.4665399 0.3161758 0.826059 -0.8645666 0.0363237 -0.5012038 -0.5412536 0.6589936 -0.5222758 -0.5033516 0.6934407 -0.5155358 -0.8709501 0.02026892 -0.4909533 -0.9291151 0.1422345 -0.3413422 -0.9323464 0.1524847 -0.3278392 -0.3813577 0.8045115 0.4553322 -0.4671659 0.4536346 0.758928 -0.4582846 0.4418505 0.7711961 -0.3860446 0.8059082 0.4488671 -0.2844844 -0.2005544 -0.9374682 -0.007093344 -0.2671905 -0.9636177 -0.01902007 -0.2253536 -0.9740914 -0.3082871 -0.1859363 -0.9329451 -0.2908816 -0.2530296 -0.9226938 -0.05150408 -0.3574323 -0.9325179 0.02337514 0.3061641 0.9516917 0.03179005 0.3322274 0.9426635 0.1594664 0.2960086 0.9417799 0.1667182 0.2963185 0.9404256 0.2122312 0.3362742 0.9175388 0.0589315 0.3881485 0.9197108 -0.4889445 -0.2000353 -0.8490695 -0.3819282 -0.4262892 -0.8200051 -0.5001555 -0.1959232 -0.8434801 -0.3601196 -0.4334668 -0.8260874 -0.8667184 0.333011 0.3713528 -0.534718 0.844947 -0.01187751 -0.8721127 0.3150651 0.3743706 -0.4896879 0.8707652 -0.04442722 -0.9116049 0.3416139 0.2286401 -0.914413 0.3439254 0.2134575 -0.5014663 0.2756553 -0.8200888 -0.5795327 -0.1686093 -0.7973158 -0.5081246 0.281414 -0.8140121 -0.5632119 -0.1799487 -0.8064805  
																								<BiTangents>: 52 -0.140211 -0.9184679 0.3698075 -0.04391075 -0.9314886 0.3611107 -0.1605574 -0.9062907 0.3909714 -0.2206814 -0.8991926 0.3778261 -0.2649494 -0.872409 0.4107366 -0.2455128 -0.8663129 0.4350005 -0.1681194 -0.9462402 0.2763428 -0.16414 -0.9410151 0.295886 -0.17226 -0.9303013 0.3238303 -0.1818368 -0.9299125 0.3196846 -0.1762124 -0.9037812 0.3900368 -0.1489789 -0.896042 0.4182271 0.8822387 0.03301153 0.4696437 0.9337017 -0.05242996 0.3541925 0.9421093 -0.0491631 0.331682 0.8758754 0.03503986 0.4812635 -0.1981932 -0.9411826 0.2736691 -0.7598654 -0.6493024 -0.03179596 -0.7889504 -0.6121582 -0.05310181 -0.1822457 -0.9412105 0.2844457 -0.2359806 -0.938739 0.2511617 -0.2419529 -0.9369066 0.2523187 -0.8442186 -0.1024068 -0.5261253 -0.8461875 0.0194894 -0.5325288 -0.8550197 0.01779138 -0.5182903 -0.8362882 -0.1003769 -0.5390238 -0.1352453 -0.9596977 0.2463516 -0.1629618 -0.9504508 0.2647392 -0.04706291 -0.9729859 0.2260168 -0.2228922 -0.9392942 0.2608553 -0.2397345 -0.9143539 0.3263194 -0.2506782 -0.899235 0.3585203 -0.1674818 -0.937299 0.3056476 -0.1719722 -0.9272566 0.332597 -0.176301 -0.9301125 0.3221936 -0.1841752 -0.9276291 0.3249369 -0.1505335 -0.9164713 0.3707021 -0.1506926 -0.9072953 0.3925646 0.8639702 -0.2453613 -0.4397197 0.9197212 -0.2624828 -0.2919175 0.857124 -0.2506173 -0.4500327 0.9288557 -0.2490262 -0.2742501 -0.1975477 -0.9127892 0.3574784 -0.747124 -0.4661509 0.4738238 -0.1817556 -0.9189576 0.3499742 -0.7804598 -0.4150476 0.467566 -0.254838 -0.9060861 0.337736 -0.2617515 -0.9046518 0.3362907 -0.7858636 0.2513379 0.5650202 -0.7735754 0.4215864 0.4731236 -0.7767509 0.2586024 0.5742673 -0.789858 0.4039391 0.4614732  
																								<SubMeshes>: 1
																									<SubMesh>: 0 96 0 1 2 0 2 3 3 2 4 4 2 5 6 7 8 8 7 9 8 9 10 8 10 11 12 13 14 13 12 15 16 17 18 17 16 19 20 19 16 19 20 21 22 23 24 23 22 25 26 27 28 26 29 27 29 30 27 30 31 27 32 33 34 33 35 34 33 36 35 33 37 36 38 39 40 39 38 41 42 43 44 43 42 45 44 46 42 46 44 47 48 49 50 49 48 51  
																							</Mesh>
																							<Materials>: 1
																								<Material>: 0
																									<AlbedoColor>: 0.5882353 0.5882353 0.5882353 1
																									<EmissiveColor>: 0 0 0 0
																									<Glossiness>: 0
																									<Metallic>: 0
																									<SpecularHighlight>: 1
																									<GlossyReflection>: 1
																									<AlbedoMap>: ORC_StandardUnits
																									<MetallicMap>: null
																									<NormalMap>: null
																									<EmissionMap>: null
																									<DetailAlbedoMap>: null
																									<DetailNormalMap>: null
																							</Materials>
																							<Children>: 0
																						</Frame>
																				</Frame>
																		</Frame>
																</Frame>
														</Frame>
														<Frame>: 45 0 Bip001_Neck001
															<Transform>: -0.4019639 -0.006335951 1.286259E-05 11.05867 13.39447 273.1152 1 0.9999999 1 -0.01033671 0.1500861 -0.6879144 0.710029  
															<TransformMatrix>: 0.008495986 -0.9799811 -0.1989094 0 0.9737754 0.05333393 -0.2211714 0 0.2273525 -0.191814 0.9547346 0 -0.4019639 -0.006335951 1.286259E-05 1  
															<Children>: 1
																<Frame>: 46 0 Bip001_Head001
																	<Transform>: -0.07267478 0.01492225 4.844667E-08 6.306024 15.46047 109.1811 1 1 1 0.1410431 0.03339717 0.8021162 0.5793109  
																	<TransformMatrix>: -0.2890116 0.9387702 0.1875713 0 -0.9199284 -0.3265672 0.2169925 0 0.2649606 -0.1098388 0.957983 0 -0.07267478 0.01492225 4.844667E-08 1  
																	<Children>: 1
																		<Frame>: 47 0 Bip001_HeadNub001
																			<Transform>: -0.2543315 -2.422333E-08 -6.055833E-09 1.600826E-07 -1.334021E-08 0 0.9999999 1 0.9999999 1.396984E-09 -1.164153E-10 1.626303E-19 1  
																			<TransformMatrix>: 0.9999999 0 2.328306E-10 0 -6.505214E-19 1 2.793969E-09 0 -2.328306E-10 -2.793968E-09 0.9999999 0 -0.2543315 -2.422333E-08 -6.055833E-09 1  
																			<Children>: 0
																		</Frame>
																</Frame>
														</Frame>
														<Frame>: 48 0 Bip001_R_Clavicle001
															<Transform>: -0.3373818 2.780838E-05 -0.06664622 357.9498 58.22146 176.7814 1 1 1 0.4857904 0.0292851 0.8734412 0.01583258  
															<TransformMatrix>: -0.5275141 0.05611049 0.8476913 0 0.0007951949 -0.9977834 0.06654026 0 0.849546 0.03577501 0.5263002 0 -0.3373818 2.780838E-05 -0.06664622 1  
															<Children>: 1
																<Frame>: 49 0 Bip001_R_UpperArm001
																	<Transform>: -0.1931163 9.68933E-08 9.68933E-08 14.26864 18.00844 0.985772 0.9999999 0.9999999 0.9999999 0.1239967 0.1542345 -0.01100623 0.980161  
																	<TransformMatrix>: 0.952181 0.01667338 -0.3050787 0 0.05982489 0.9690073 0.2396784 0 0.2996198 -0.2464685 0.9216729 0 -0.1931163 9.68933E-08 9.68933E-08 1  
																	<Children>: 1
																		<Frame>: 50 0 Bip001_R_Forearm001
																			<Transform>: -0.3059905 0 -1.937866E-07 1.639602E-06 -4.768885E-07 73.78259 1 1 1 8.945147E-09 -1.191759E-08 0.6002988 0.7997758  
																			<TransformMatrix>: 0.2792828 0.9602089 2.980232E-08 0 -0.9602089 0.2792828 -8.881784E-16 0 -8.323275E-09 -2.861645E-08 1 0 -0.3059905 0 -1.937866E-07 1  
																			<Children>: 1
																				<Frame>: 51 0 Bip001_R_Hand001
																					<Transform>: -0.2343466 0 -1.937866E-07 66.95381 219.7182 210.7128 1 1 1 0.8061188 -0.02706115 -0.1358479 0.5753134  
																					<TransformMatrix>: 0.9616261 -0.1999392 -0.1878817 0 0.1126812 -0.3365642 0.9348944 0 -0.2501563 -0.9201896 -0.3011196 0 -0.2343466 0 -1.937866E-07 1  
																					<Children>: 1
																						<Frame>: 52 0 ORC_Units_Axe
																							<Transform>: -0.131632 0.05589959 0.05212346 44.97716 93.20708 276.5792 1.029025 1.029025 1.029025 -0.2505215 0.6760373 -0.6298522 0.2889618  
																							<TransformMatrix>: -0.728015 -0.7231269 -0.07729518 0 0.02601654 0.08340294 -1.02531 0 0.7267807 -0.7273404 -0.04072352 0 -0.131632 0.05589959 0.05212346 1  
																							<Mesh>: 56 ORC_Units_Axe
																								<Bounds>: -9.685755E-08 -0.1818933 -2.980232E-08 0.1872835 0.5840739 0.2497652
																								<Positions>: 56 0.01184656 -0.3886155 0.06340659 -0.05997211 -0.6955209 0.07175764 0.02498476 -0.7115945 0.0564232 0.04833198 0.3753386 0.06717327 -0.03234081 0.4021806 0.08653367 0.01462939 -0.6908312 -0.02782117 -0.00251007 -0.3798619 0.009764908 0.04292039 0.3515296 -0.01653601 -0.06996346 -0.708249 -0.01455178 -0.05997211 -0.6955209 0.07175764 -0.05836126 -0.3861417 0.0109254 -0.0377522 0.3783717 0.002824488 -0.03234081 0.4021806 0.08653367 0.01462939 -0.6908312 -0.02782117 -0.00251007 -0.3798619 0.009764908 0.04292039 0.3515296 -0.01653601 0.02498476 -0.7115945 0.0564232 -0.05997211 -0.6955209 0.07175764 -0.06996346 -0.708249 -0.01455178 0.01462939 -0.6908312 -0.02782117 0.04833198 0.3753386 0.06717327 -0.0377522 0.3783717 0.002824488 -0.03234081 0.4021806 0.08653367 0.04292039 0.3515296 -0.01653601 0.07627858 -0.5220324 -0.04715037 -0.08112939 -0.6428789 0.1315739 0.0876149 -0.6787826 -0.08396057 0.1872834 -0.4992991 -0.2497652 0.1494433 -0.7659672 -0.2117134 0.1160924 -0.3381397 -0.1469313 0.06814352 -0.2367022 -0.04828785 0.1127966 -0.1473882 -0.1335312 -0.1872836 -0.532296 0.2497652 0.02339063 -0.5201689 -0.08668458 -0.1089513 -0.6418986 0.1107767 -0.1872836 -0.532296 0.2497652 0.04838944 -0.6774006 -0.1132821 0.1872834 -0.4992991 -0.2497652 0.1494433 -0.7659672 -0.2117134 0.1160924 -0.3381397 -0.1469313 0.03966396 -0.2356987 -0.06957661 0.1127966 -0.1473882 -0.1335312 0.07627858 -0.5220324 -0.04715037 0.02339063 -0.5201689 -0.08668458 -0.1872836 -0.532296 0.2497652 0.04838944 -0.6774006 -0.1132821 -0.08112939 -0.6428789 0.1315739 -0.1089513 -0.6418986 0.1107767 0.0876149 -0.6787826 -0.08396057 -0.1872836 -0.532296 0.2497652 0.1494433 -0.7659672 -0.2117134 0.02339063 -0.5201689 -0.08668458 0.06814352 -0.2367022 -0.04828785 0.03966396 -0.2356987 -0.06957661 0.07627858 -0.5220324 -0.04715037 0.1127966 -0.1473882 -0.1335312  
																								<Colors>: 0  
																								<TextureCoords0>: 56 0.7948765 0.3792406 0.7800784 0.3191611 0.7973676 0.3161793 0.8029035 0.5285233 0.7854739 0.5336415 0.8142681 0.3197469 0.8043439 0.3806181 0.8203332 0.5234052 0.7973676 0.3161793 0.7800784 0.3191611 0.7948765 0.3792406 0.8029035 0.5285233 0.7854739 0.5336415 0.8142681 0.3197469 0.8043439 0.3806181 0.8203332 0.5234052 0.840892 0.508054 0.8271129 0.5215091 0.840892 0.534964 0.8543611 0.5215091 0.8409691 0.5081681 0.8409691 0.534977 0.8271365 0.5215725 0.8548015 0.5215725 0.7229226 0.3709128 0.6780902 0.3325204 0.7388493 0.3389782 0.7710382 0.3874327 0.7733905 0.3272564 0.7357972 0.4156787 0.7073368 0.4320641 0.7231975 0.4561021 0.6383355 0.3480508 0.7229226 0.3709128 0.6780902 0.3325204 0.6383355 0.3480508 0.7388493 0.3389782 0.7710382 0.3874327 0.7733905 0.3272564 0.7357972 0.4156787 0.7073368 0.4320641 0.7231975 0.4561021 0.7577301 0.461012 0.7754382 0.461012 0.7665842 0.5353429 0.7540457 0.4464822 0.7417516 0.5019809 0.7519547 0.5019809 0.7396606 0.4464822 0.7468533 0.533821 0.7468533 0.4184164 0.7754382 0.461012 0.7618164 0.4164518 0.771352 0.4164518 0.7577301 0.461012 0.7665842 0.3983806  
																								<TextureCoords1>: 0  
																								<Normals>: 56 0.8280306 -0.001779917 0.5606802 -0.5984888 0.009287348 0.8010774 0.8017834 0.0197006 0.5972898 0.7010482 -0.03932646 0.7120287 -0.5986216 0.004286036 0.8010205 0.5981078 0.09649617 -0.795585 0.5990925 0.02404601 -0.8003187 0.5972684 -0.04150229 -0.800967 -0.7976503 0.07605428 -0.5983057 -0.5984888 0.009287348 0.8010774 -0.7709401 0.05455831 -0.6345666 -0.8818638 0.01644632 -0.4712173 -0.5986216 0.004286036 0.8010205 0.5981078 0.09649617 -0.795585 0.5990925 0.02404601 -0.8003187 0.5972684 -0.04150229 -0.800967 0.0002727679 -0.9988737 -0.0474479 -0.1552008 -0.9745616 0.1616861 0.000272916 -0.9988737 -0.0474481 0.1565829 -0.9543241 -0.2544551 0.2419503 0.9290451 -0.2798842 0.2419503 0.9290451 -0.2798842 0.2419502 0.9290451 -0.2798841 0.2419504 0.9290451 -0.2798843 0.8453004 -0.0212658 0.533868 0.755088 -0.01413592 0.6554711 0.8486186 -0.06651486 0.5248069 0.8779876 0.003280565 0.4786721 0.8823236 -0.05856532 0.4669853 0.8951082 0.03375558 0.4445696 0.8990718 -0.0007561985 0.4378006 0.8925964 -0.01622932 0.4505644 0.7476997 0.008083276 0.6639879 -0.7509953 0.03497849 -0.6593804 -0.8417667 0.0421286 -0.5381951 -0.8468412 0.06426652 -0.5279488 -0.7452917 -0.01035469 -0.666658 -0.7062098 0.05909886 -0.7055318 -0.6990266 -0.002847352 -0.7150899 -0.6769791 0.08914681 -0.7305835 -0.6731687 0.05463998 -0.7374676 -0.6842735 0.03932985 -0.7281641 0.005642776 0.9992017 0.03954877 0.005642776 0.9992017 0.03954877 0.005642777 0.9992017 0.03954877 -0.2194508 -0.9432834 0.2491138 -0.231934 -0.9356046 0.2661775 -0.2319338 -0.9356048 0.2661774 -0.2194505 -0.9432836 0.2491134 -0.3605962 -0.8204122 0.4437278 -0.3385764 -0.8454131 0.4130893 -0.5989785 -0.01388569 0.8006448 -0.5488051 0.3662629 0.7514415 -0.5488051 0.3662632 0.7514415 -0.5989783 -0.01388571 0.8006448 -0.3924356 0.73011 0.5594049  
																								<Tangents>: 56 0.5606376 0.0153587 -0.8279189 0.8010856 -0.003720446 0.5985383 0.5971333 0.0136949 -0.8020251 0.7127939 0.008736053 -0.7013191 0.8009908 -0.006948795 0.5986364 -0.7946216 -0.05758557 -0.6043678 -0.8006782 0.01998089 -0.5987614 -0.7957983 0.09369704 -0.5982691 0.6008158 0.01356496 -0.7992724 -0.7997065 0.05268316 -0.5980753 0.6359977 0.01270528 -0.7715864 0.471461 0.01724037 -0.8817184 -0.7999205 0.04945952 -0.5980642 0.8007035 -0.1137966 0.5881534 0.8005434 -0.03643787 0.598166 0.8020245 0.03740013 0.5961191 0.5991496 0.03815179 -0.7997276 0.5787001 -0.2223373 -0.7846479 0.5991496 0.03815205 -0.7997276 0.5783263 0.2974387 -0.7596505 0.5481248 -0.3688893 -0.750653 0.5481248 -0.3688893 -0.7506529 0.5481281 -0.3688893 -0.7506505 0.5481214 -0.3688894 -0.7506554 0.5154369 -0.2306444 -0.8253049 0.6346915 -0.2348488 -0.7362151 0.4988222 -0.2296954 -0.8357131 0.4667586 -0.2276784 -0.8545753 0.4439139 -0.2260666 -0.8670838 0.4401522 -0.2257961 -0.8690698 0.4264477 -0.2247479 -0.8761454 0.4357512 -0.2254607 -0.8713716 0.6468344 -0.2349933 -0.7255228 0.6351292 -0.2348615 -0.7358335 0.5159265 -0.2306643 -0.8249933 0.5022483 -0.2298991 -0.8336024 0.6498326 -0.235016 -0.7228313 0.677043 -0.2350875 -0.6973856 0.6955461 -0.2349326 -0.6789863 0.6985235 -0.2348996 -0.6759343 0.7092174 -0.2347111 -0.6647717 0.7019862 -0.2348414 -0.6723577 -0.800638 0.02820965 -0.5984839 -0.800638 0.02820965 -0.598484 -0.800638 0.02820965 -0.5984839 -0.8006364 0.02820896 -0.5984862 -0.800637 0.02820808 -0.5984852 -0.8006371 0.02820805 -0.5984852 -0.8006363 0.02820898 -0.5984862 -0.800637 0.02820789 -0.5984854 -0.8006363 0.02820901 -0.5984863 -0.800638 0.02820954 -0.5984841 -0.8006374 0.02821028 -0.5984846 -0.8006374 0.02821033 -0.5984848 -0.800638 0.02820948 -0.598484 -0.8006373 0.02821039 -0.5984848  
																								<BiTangents>: 56 0.00713769 -0.9998806 -0.01371536 -0.008539198 -0.99995 0.005213316 0.02398021 -0.9997122 0.0007835382 -0.02136008 -0.9991882 -0.03415606 -0.008131905 -0.9999667 -0.0007266235 0.1041334 -0.9936662 -0.04223557 -0.001593258 -0.9995112 -0.03122352 -0.09987777 -0.9947354 -0.02293483 -0.05267209 -0.9970114 -0.0565147 -0.04775782 -0.9985681 -0.02410313 -0.0340341 -0.9984298 -0.04449397 -0.006377062 -0.9997162 -0.02295746 -0.04218142 -0.998767 -0.02617905 -0.03378031 -0.9888068 -0.1453274 -0.0147784 -0.9990466 -0.04107953 0.005215962 -0.9984382 0.05562377 0.8006371 -0.02821025 0.5984852 0.8006366 -0.02821028 0.5984858 0.8006371 -0.02821025 0.5984852 0.8006375 -0.02820979 0.5984846 0.8006368 -0.02820924 0.5984856 0.8006368 -0.02820924 0.5984856 0.8006346 -0.02820774 0.5984886 0.8006391 -0.02821081 0.5984825 -0.1406844 -0.9728057 0.1840026 -0.1643437 -0.9719291 0.1683595 -0.176133 -0.970987 0.1617447 -0.1061798 -0.9737309 0.2014301 -0.1563508 -0.9723498 0.1734659 -0.0710461 -0.9735896 0.2169695 -0.09905729 -0.9744167 0.201742 -0.1157263 -0.9741171 0.1941735 -0.1501681 -0.9719634 0.1809329 -0.1806014 -0.9713993 0.154164 -0.1588982 -0.972121 0.1724303 -0.1749477 -0.9710903 0.1624103 -0.1491906 -0.9719363 0.1818843 -0.2070764 -0.9701759 0.1260086 -0.1660646 -0.9720075 0.1662046 -0.2318712 -0.9679231 0.09675097 -0.2094149 -0.9705284 0.1192486 -0.1974468 -0.9712377 0.1330867 0.5991219 0.02828714 -0.8001581 0.5991219 0.02828714 -0.800158 0.5991219 0.02828714 -0.8001581 0.5575149 -0.3307878 -0.7614174 0.5524372 -0.3519207 -0.7556222 0.5524372 -0.3519205 -0.7556223 0.557515 -0.3307873 -0.7614176 0.4784881 -0.5710764 -0.667024 0.4943153 -0.5333676 -0.6864193 0.01427546 0.9995056 0.02801432 0.2404011 0.9300837 -0.2777619 0.2404013 0.9300836 -0.277762 0.0142754 0.9995056 0.02801429 0.4527408 0.6827471 -0.5734825  
																								<SubMeshes>: 1
																									<SubMesh>: 0 120 0 1 2 3 1 0 1 3 4 5 0 2 0 5 6 0 7 3 7 0 6 8 9 10 9 11 10 11 9 12 10 13 8 13 10 14 15 10 11 10 15 14 16 17 18 16 18 19 20 21 22 23 21 20 24 25 26 24 26 27 26 28 27 29 24 27 24 29 30 30 29 31 25 24 32 33 34 35 34 33 36 36 33 37 38 36 37 33 39 37 39 33 40 39 40 41 42 43 44 45 46 47 46 45 48 49 47 46 48 45 50 51 52 53 52 51 54 52 55 53  
																							</Mesh>
																							<Materials>: 1
																								<Material>: 0
																									<AlbedoColor>: 0.5882353 0.5882353 0.5882353 1
																									<EmissiveColor>: 0 0 0 0
																									<Glossiness>: 0
																									<Metallic>: 0
																									<SpecularHighlight>: 1
																									<GlossyReflection>: 1
																									<AlbedoMap>: @ORC_StandardUnits
																									<MetallicMap>: null
																									<NormalMap>: null
																									<EmissionMap>: null
																									<DetailAlbedoMap>: null
																									<DetailNormalMap>: null
																							</Materials>
																							<Children>: 0
																						</Frame>
																				</Frame>
