<Frame>: 0 1 Monster_Strong_Infantry
	<Transform>: 0 -7 0 0 0 0 60 60 60 0 0 0 1  
	<TransformMatrix>: 60 0 0 0 0 60 0 0 0 0 60 0 0 -7 0 1  
	<Children>: 6
		<Frame>: 1 0 Bip001
			<Transform>: -0.0009451086 0.2921204 0.6028277 348.3866 31.75239 104.8942 0.9999999 0.9999999 0.9999999 0.1564506 0.2430269 0.775506 0.5612946  
			<TransformMatrix>: -0.3209433 0.946618 -0.0301626 0 -0.7945312 -0.2517727 0.5525672 0 0.515476 0.2013078 0.8329222 0 -0.0009451086 0.2921204 0.6028277 1  
			<Children>: 1
				<Frame>: 2 0 Bip001_Pelvis
					<Transform>: 0 0 0 285.5897 117.2566 330.7658 1 0.9999999 1 -0.476209 0.5785885 0.394926 0.5315013  
					<TransformMatrix>: 0.0185374 -0.1312508 -0.9911758 0 -0.9708655 0.2345168 -0.04921203 0 0.2389064 0.9632108 -0.1230795 0 0 0 0 1  
					<Children>: 3
						<Frame>: 3 0 Bip001_L_Thigh
							<Transform>: 1.937867E-07 1.937866E-07 0.1147685 307.2573 163.8258 2.582675 1 1 1 -0.04248144 0.8882071 0.442499 0.1160955  
							<TransformMatrix>: -0.9694343 0.02727966 -0.2438297 0 -0.1782089 0.60478 0.7761976 0 0.1686377 0.7959252 -0.5814329 0 1.937867E-07 1.937866E-07 0.1147685 1  
							<Children>: 1
								<Frame>: 4 0 Bip001_L_Calf
									<Transform>: -0.3972963 -2.62109E-08 -5.673435E-10 -2.068077E-06 -1.3065E-07 38.12313 1 1 1 -1.743016E-08 4.816364E-09 0.326584 0.9451682  
									<TransformMatrix>: 0.7866858 0.6173536 -2.048937E-08 0 -0.6173536 0.7866858 -2.980296E-08 0 -2.280272E-09 3.609475E-08 1 0 -0.3972963 -2.62109E-08 -5.673435E-10 1  
									<Children>: 1
										<Frame>: 5 0 Bip001_L_Foot
											<Transform>: -0.2499466 -9.026524E-09 -6.728791E-09 1.540128 1.309898 358.8849 1 1 1 0.01332701 0.01155997 -0.009883007 0.9997956  
											<TransformMatrix>: 0.9995374 -0.01945385 -0.02337863 0 0.02007009 0.9994494 0.02642008 0 0.02285179 -0.02687707 0.9993775 0 -0.2499466 -9.026524E-09 -6.728791E-09 1  
											<Children>: 1
												<Frame>: 6 0 Bip001_L_Toe0
													<Transform>: -0.1074171 0.2397006 3.995322E-13 350.3357 16.95729 262.614 1 1 1 -0.1653579 0.03439294 -0.732135 0.659888  
													<TransformMatrix>: -0.07440901 -0.9776285 0.1967376 0 0.9548799 -0.1267297 -0.268596 0 0.2875196 0.1678748 0.9429478 0 -0.1074171 0.2397006 3.995322E-13 1  
													<Children>: 0
												</Frame>
										</Frame>
								</Frame>
						</Frame>
						<Frame>: 7 0 Bip001_R_Thigh
							<Transform>: -9.689329E-08 -1.695633E-07 -0.1147686 52.37104 214.616 348.1508 1 1 1 -0.2190151 0.838609 -0.3914901 -0.3090352  
							<TransformMatrix>: -0.7130593 -0.1253676 0.689804 0 -0.6093046 0.5975357 -0.5212475 0 -0.346835 -0.7919811 -0.5024655 0 -9.689329E-08 -1.695633E-07 -0.1147686 1  
							<Children>: 1
								<Frame>: 8 0 Bip001_R_Calf
									<Transform>: -0.3972964 1.687701E-08 1.513868E-08 -1.531448E-06 -5.550526E-07 56.1485 1 1 1 -1.407147E-08 2.015669E-09 0.4706154 0.8823385  
									<TransformMatrix>: 0.5570422 0.8304842 -1.680151E-08 0 -0.8304842 0.5570422 -2.293439E-08 0 -9.687497E-09 2.672881E-08 1 0 -0.3972964 1.687701E-08 1.513868E-08 1  
									<Children>: 1
										<Frame>: 9 0 Bip001_R_Foot
											<Transform>: -0.2499465 7.850202E-09 -8.949422E-10 3.042261 16.55117 349.0954 1 1 1 0.01247895 0.1457289 -0.09779797 0.9843998  
											<TransformMatrix>: 0.9383973 -0.1889075 -0.2893518 0 0.1961817 0.9805596 -0.00393543 0 0.2844701 -0.05307252 0.9572147 0 -0.2499465 7.850202E-09 -8.949422E-10 1  
											<Children>: 1
												<Frame>: 10 0 Bip001_R_Toe0
													<Transform>: -0.1074171 0.2397006 -1.922499E-13 4.094019 6.619235 252.6617 1 1 1 -0.02535286 0.06290902 -0.8049743 0.5894201  
													<TransformMatrix>: -0.3038825 -0.9521259 -0.03334288 0 0.9457462 -0.2972529 -0.1311673 0 0.1149765 -0.07139333 0.9907994 0 -0.1074171 0.2397006 -1.922499E-13 1  
													<Children>: 0
												</Frame>
										</Frame>
								</Frame>
						</Frame>
						<Frame>: 11 0 Bip001_Spine
							<Transform>: -0.1147957 -0.005990167 -0.01424247 359.6949 23.3298 351.22 1 1 1 -0.01807596 0.2013939 -0.07442705 0.9765114  
							<TransformMatrix>: 0.9078022 -0.1526385 -0.3906363 0 0.1380769 0.9882677 -0.06528107 0 0.3960176 0.005324444 0.9182275 0 -0.1147957 -0.005990167 -0.01424247 1  
							<Children>: 3
								<Frame>: 12 0 Bip001_L_Clavicle
									<Transform>: -0.337382 2.742036E-05 0.06664627 1.835807 283.632 172.6651 0.9999999 0.9999998 0.9999999 -0.616038 -0.05210376 0.7849529 0.04038923  
									<TransformMatrix>: -0.2377317 0.1276031 -0.9629127 0 0.0007885097 -0.9913076 -0.1315606 0 -0.9713304 -0.03203538 0.2355647 0 -0.337382 2.742036E-05 0.06664627 1  
									<Children>: 1
										<Frame>: 13 0 Bip001_L_UpperArm
											<Transform>: -0.1931164 2.422341E-08 -1.776357E-13 282.9828 301.6862 55.67353 0.9999999 1 1 -0.6588404 -0.08322599 0.05085311 0.7459335  
											<TransformMatrix>: 0.9809747 0.1855313 0.05715393 0 0.03379922 0.1266865 -0.9913668 0 -0.1911703 0.9744377 0.1180055 0 -0.1931164 2.422341E-08 -1.776357E-13 1  
											<Children>: 1
												<Frame>: 14 0 Bip001_L_Forearm
													<Transform>: -0.3059905 9.689352E-08 -3.789598E-15 -4.185546E-07 -8.735325E-08 108.8188 1 0.9999999 1 -2.745662E-09 2.526612E-09 0.8131964 0.5819894  
													<TransformMatrix>: -0.3225769 0.9465434 -7.406448E-09 0 -0.9465433 -0.3225769 9.133713E-10 0 -1.524602E-09 7.305156E-09 1 0 -0.3059905 9.689352E-08 -3.789598E-15 1  
													<Children>: 1
														<Frame>: 15 0 Bip001_L_Hand
															<Transform>: -0.2343465 4.844674E-08 3.789598E-15 341.5982 84.71758 320.141 0.9999999 1 1 -0.3377876 0.5849965 -0.1473555 0.7224715  
															<TransformMatrix>: 0.2721309 -0.6081294 -0.7457368 0 -0.1822888 0.7283717 -0.6604887 0 0.9448363 0.315679 0.08735734 0 -0.2343465 4.844674E-08 3.789598E-15 1  
															<Children>: 1
																<Frame>: 16 0 ORC_Units_Shield_C
																	<Transform>: -0.09746963 1.01606 -0.1302733 44.97717 86.79293 83.42094 1.029025 1.029025 1.029025 0.6298526 0.2889608 0.2505223 0.6760369  
																	<TransformMatrix>: 0.728015 0.7231268 -0.0772922 0 0.02601458 0.08340098 1.02531 0 0.7267804 -0.7273405 0.04072333 0 -0.09746963 1.01606 -0.1302733 1  
																	<Mesh>: 40 ORC_Units_Shield_C
																		<Bounds>: -0.8239719 0.09013751 0.673123 0.1048572 0.3431613 0.3469956
																		<Positions>: 40 -0.7728598 -0.03231949 1.020119 -0.7704026 0.2396096 1.018275 -0.8277562 -0.0337943 1.018252 -0.8233576 -0.2437606 0.8211181 -0.7551602 -0.2420695 0.8235001 -0.7551602 -0.2420695 0.8235001 -0.8233576 -0.2437606 0.8211181 -0.8053982 -0.2530238 0.5337875 -0.7505015 -0.2515488 0.5356536 -0.7387835 -0.07042753 0.3331378 -0.7728598 -0.03231949 1.020119 -0.7550724 0.05650067 0.6883955 -0.7704026 0.2396096 1.018275 -0.7551602 -0.2420695 0.8235001 -0.7474017 0.4332988 0.8105922 -0.7191147 0.4278916 0.5219936 -0.7505015 -0.2515488 0.5356536 -0.7550724 0.05650067 0.6883955 -0.7551602 -0.2420695 0.8235001 -0.7387835 -0.07042753 0.3331378 -0.7250436 0.2140695 0.3261275 -0.7191147 0.4278916 0.5219936 -0.8277562 -0.0337943 1.018252 -0.849111 0.1209236 0.7898301 -0.8534554 -0.03574205 0.7258649 -0.8233576 -0.2437606 0.8211181 -0.9288291 0.07884035 0.6702675 -0.8352867 0.1810862 0.6280482 -0.7474017 0.4332988 0.8105922 -0.7704026 0.2396096 1.018275 -0.7191147 0.4278916 0.5219936 -0.8053982 -0.2530238 0.5337875 -0.8534554 -0.03574205 0.7258649 -0.8451085 0.01858816 0.5628123 -0.7387835 -0.07042753 0.3331378 -0.9288291 0.07884035 0.6702675 -0.8352867 0.1810862 0.6280482 -0.7250436 0.2140695 0.3261275 -0.7191147 0.4278916 0.5219936 -0.8233576 -0.2437606 0.8211181  
																		<Colors>: 0  
																		<TextureCoords0>: 40 0.01885361 0.8692214 0.003296086 0.9243912 0.02454717 0.8755457 0.07597501 0.8543377 0.07597501 0.8440999 0.07597501 0.8440999 0.07597501 0.8543377 0.02459128 0.8756216 0.01885278 0.8692123 0.003307411 0.9243622 0.1622109 0.9638691 0.1338666 0.9984388 0.1298566 0.9495158 0.1764595 0.9984388 0.09564698 0.9638691 0.08068634 0.9984388 0.1622109 0.9637871 0.1338666 0.9984388 0.1764595 0.9984388 0.1298566 0.9494338 0.09564698 0.9637871 0.08068634 0.9984388 0.02454717 0.8755457 0.0516097 0.9206107 0.07602222 0.8980724 0.07597501 0.8543377 0.07597501 0.9217114 0.07592792 0.9441314 0.02451486 0.9750903 0.003296086 0.9243912 0.07597501 0.9972749 0.02459128 0.8756216 0.07602222 0.8980724 0.05161745 0.9206031 0.003307411 0.9243622 0.07597501 0.9217114 0.07592792 0.9441314 0.02459128 0.9750903 0.07597501 0.9972749 0.07597501 0.8543377  
																		<TextureCoords1>: 0  
																		<Normals>: 40 -0.02254562 -0.3627652 0.9316078 -0.03416396 0.007085678 0.9993911 -0.02118209 -0.397607 0.9173113 0.009188001 -0.910863 0.4126067 0.009188013 -0.910863 0.4126065 0.009188013 -0.910863 0.4126065 0.009188001 -0.910863 0.4126067 0.03528757 -0.9512948 -0.3062564 0.03622806 -0.9390438 -0.3418835 0.04263434 -0.7459289 -0.6646596 0.9984263 0.007574376 0.05556516 0.9981419 -0.02294566 0.05644782 0.9977368 -0.0272285 0.06148117 0.9991172 0.01707483 0.03838316 0.9952374 -0.04781045 0.08495128 0.9952331 -0.06300422 0.07444077 0.9994141 -0.002109904 0.03416301 0.9981419 -0.02294566 0.05644782 0.9991172 0.01707483 0.03838316 0.9979749 -0.02956345 0.05632048 0.996567 -0.06084794 0.05614065 0.9952331 -0.06300422 0.07444077 -0.9880946 0.04716528 0.1464391 -0.952885 0.2139262 0.2150484 -0.9766393 -0.2061956 0.06048927 -0.9905717 -0.1360783 0.01582287 -0.9956099 0.07418925 -0.05706914 -0.9052356 0.3754296 -0.1990001 -0.9402838 0.3389609 0.03117337 -0.9477295 0.252142 0.1955332 -0.9168704 0.3461085 -0.1988904 -0.9697971 -0.1299812 -0.206394 -0.9766393 -0.2061956 0.06048927 -0.9301376 -0.05072946 -0.3636902 -0.9107182 -0.0239199 -0.4123351 -0.9956099 0.07418925 -0.05706914 -0.9052356 0.3754296 -0.1990001 -0.9181003 0.1767745 -0.3547431 -0.9168704 0.3461085 -0.1988904 -0.9905717 -0.1360783 0.01582287  
																		<Tangents>: 40 -0.7288778 -0.6318334 -0.2636733 -0.8603529 -0.5090452 -0.02580184 -0.7148926 -0.6353853 -0.2919146 -0.4925497 -0.3632179 -0.7908651 -0.4835816 -0.3652122 -0.7954677 -0.5552112 0.3385297 0.759696 -0.5632657 0.3362203 0.7547765 -0.7534933 -0.2266359 0.617158 -0.7653661 -0.2460461 0.5947065 -0.8741539 -0.3499812 0.3367018 -0.01601697 -0.911047 0.4119914 -0.04413884 -0.9109258 0.4102024 -0.05010923 -0.9107874 0.4098236 0 -0.9110654 0.412262 -0.07850298 -0.9097379 0.4076938 -0.08801275 -0.9090446 0.4072979 -0.01599367 -0.9112214 0.4116062 -0.04413775 -0.9109364 0.4101788 0 -0.9110653 0.412262 -0.05010939 -0.9107828 0.4098337 -0.07852186 -0.9096037 0.4079894 -0.08801275 -0.9090447 0.4072979 -0.1530684 -0.3970451 -0.9049448 -0.2836377 -0.3771031 -0.8816705 0.01691732 -0.3544014 -0.9349403 0.04022253 -0.3992999 -0.9159376 0.01980404 -0.4289417 -0.9031151 -0.01684868 -0.4996814 -0.8660455 -0.1718011 -0.3935218 -0.9031196 -0.2822746 -0.3768365 -0.8822218 0.02598773 -0.4454308 -0.8949391 -0.2421394 0.4111849 0.8788035 -0.0440836 0.467764 0.8827533 -0.3522137 0.4034061 0.8445171 -0.3867767 0.3996265 0.8310851 -0.02338164 0.393253 0.9191329 -0.07588153 0.317972 0.9450586 -0.2586616 0.4109245 0.8742055 -0.05790061 0.3776654 0.92413 -0.04405188 0.4257597 0.9037633  
																		<BiTangents>: 40 0.6842724 -0.684973 -0.2501664 0.5085525 -0.8607106 0.02348719 0.6989135 -0.6619624 -0.2707875 0.8702359 -0.1959628 -0.4519825 0.8752511 -0.1922202 -0.4438322 0.8316586 0.2360639 0.502611 0.8262247 0.2393421 0.5099687 0.6565079 -0.2089841 0.7247918 0.6425747 -0.240121 0.7276261 0.483774 -0.5666597 0.6669779 -0.05374305 0.4122331 0.909492 -0.04200741 0.4119317 0.9102459 -0.04483739 0.4119769 0.9100905 -0.04200887 0.4118981 0.9102611 -0.05779138 0.412421 0.9091585 -0.04200849 0.4119082 0.9102566 0.03026161 -0.4119114 -0.9107213 0.04200855 -0.4119082 -0.9102566 0.04200887 -0.4118981 -0.9102611 0.03917963 -0.411826 -0.9104199 0.02624043 -0.4109971 -0.911259 0.0420085 -0.4119081 -0.9102566 0.01546097 -0.9165864 0.3995377 -0.107517 -0.9011264 0.4200135 0.2142181 -0.9120762 0.3496107 0.1309574 -0.9066655 0.4010086 -0.09148076 -0.9002805 0.4255894 -0.4245758 -0.7806223 0.4586549 -0.2938548 -0.8545443 0.4282561 -0.1487611 -0.8913017 0.4283124 -0.398338 -0.825712 0.3994078 0.02936188 -0.9022372 0.4302395 0.2103145 -0.8594651 0.4659266 -0.103873 -0.9136137 0.3930908 -0.1449005 -0.9163659 0.3731987 -0.09063239 -0.9164323 0.389792 -0.4180795 -0.8706012 0.2593514 -0.3003099 -0.8943667 0.3315451 -0.3949634 -0.8588235 0.3262304 0.1297193 -0.8945454 0.4277401  
																		<SubMeshes>: 1
																			<SubMesh>: 0 90 0 1 2 0 2 3 0 3 4 5 6 7 5 7 8 8 7 9 10 11 12 13 11 10 12 11 14 14 11 15 16 17 18 19 17 16 20 17 19 21 17 20 22 23 24 22 24 25 23 26 24 27 26 23 28 27 23 28 23 29 23 22 29 27 28 30 31 32 33 31 33 34 32 35 33 33 35 36 37 33 36 33 37 34 37 36 38 32 31 39  
																	</Mesh>
																	<Materials>: 1
																		<Material>: 0
																			<AlbedoColor>: 0.5882353 0.5882353 0.5882353 1
																			<EmissiveColor>: 0 0 0 0
																			<Glossiness>: 0
																			<Metallic>: 0
																			<SpecularHighlight>: 1
																			<GlossyReflection>: 1
																			<AlbedoMap>: ORC_StandardUnits
																			<MetallicMap>: null
																			<NormalMap>: null
																			<EmissionMap>: null
																			<DetailAlbedoMap>: null
																			<DetailNormalMap>: null
																	</Materials>
																	<Children>: 0
																</Frame>
														</Frame>
												</Frame>
										</Frame>
								</Frame>
								<Frame>: 17 0 Bip001_Neck
									<Transform>: -0.4019319 -0.00638556 1.4534E-07 359.0869 358.4431 334.7746 0.9999998 0.9999999 1 -0.004808603 -0.01499719 -0.218438 0.9757238  
									<TransformMatrix>: 0.9041197 -0.4261259 0.03136699 0 0.4264144 0.9045234 -0.002831825 0 -0.02716547 0.01593565 0.9995039 0 -0.4019319 -0.00638556 1.4534E-07 1  
									<Children>: 1
										<Frame>: 18 0 Bip001_Head
											<Transform>: -0.07267478 0.01492206 9.819647E-10 332.1793 359.2198 37.65391 1 1 1 -0.2296685 0.07132389 0.3116905 0.9192467  
											<TransformMatrix>: 0.7955239 0.5402792 -0.2742995 0 -0.6058026 0.7002028 -0.3777821 0 -0.01204248 0.466706 0.8843306 0 -0.07267478 0.01492206 9.819647E-10 1  
											<Children>: 0
										</Frame>
								</Frame>
								<Frame>: 19 0 Bip001_R_Clavicle
									<Transform>: -0.3373818 2.778577E-05 -0.06664627 0.04113799 81.8848 180.6122 0.9999999 0.9999998 0.9999999 0.6552892 -0.003771911 0.7553592 -0.00380008  
									<TransformMatrix>: -0.1411636 -0.01068423 0.9899287 0 0.0007974663 -0.9999427 -0.01067859 0 0.989986 -0.0007179933 0.1411638 0 -0.3373818 2.778577E-05 -0.06664627 1  
									<Children>: 1
										<Frame>: 20 0 Bip001_R_UpperArm
											<Transform>: -0.1931163 -3.730349E-14 -1.937866E-07 75.09187 29.54805 0.2199666 1 1 1 0.589637 0.201055 -0.1539289 0.7669491  
											<TransformMatrix>: 0.8717655 0.0009876937 -0.4899223 0 0.4732103 0.2572681 0.8425468 0 0.1268736 -0.9663396 0.2238101 0 -0.1931163 -3.730349E-14 -1.937866E-07 1  
											<Children>: 1
												<Frame>: 21 0 Bip001_R_Forearm
													<Transform>: -0.3059905 9.689334E-08 -9.237056E-14 -5.666873E-07 8.70899E-07 80.92741 1 0.9999999 1 1.169708E-09 8.991552E-09 0.6489663 0.7608172  
													<TransformMatrix>: 0.1576856 0.9874894 -1.216365E-08 0 -0.9874893 0.1576856 1.345029E-08 0 1.520006E-08 9.890559E-09 1 0 -0.3059905 9.689334E-08 -9.237056E-14 1  
													<Children>: 1
														<Frame>: 22 0 Bip001_R_Hand
															<Transform>: -0.2343467 6.394885E-14 9.04702E-14 67.42377 222.4908 229.5001 1 1 0.9999999 0.7882874 -0.1419459 -0.05716804 0.595975  
															<TransformMatrix>: 0.9531664 -0.2919298 0.07906276 0 -0.1556469 -0.2493304 0.9558287 0 -0.2593221 -0.9233695 -0.2830913 0 -0.2343467 6.394885E-14 9.04702E-14 1  
															<Children>: 1
																<Frame>: 23 0 ORC_Units_Axe
																	<Transform>: -0.131632 0.0558995 0.05212357 44.97717 93.20708 276.5792 1.029025 1.029025 1.029025 -0.2505215 0.6760373 -0.6298522 0.2889618  
																	<TransformMatrix>: -0.728015 -0.7231269 -0.07729515 0 0.02601651 0.08340294 -1.02531 0 0.7267807 -0.7273405 -0.04072352 0 -0.131632 0.0558995 0.05212357 1  
																	<Mesh>: 56 ORC_Units_Axe
																		<Bounds>: -9.685755E-08 -0.1818933 -2.980232E-08 0.1872835 0.5840739 0.2497652
																		<Positions>: 56 0.01184656 -0.3886155 0.06340659 -0.05997211 -0.6955209 0.07175764 0.02498476 -0.7115945 0.0564232 0.04833198 0.3753386 0.06717327 -0.03234081 0.4021806 0.08653367 0.01462939 -0.6908312 -0.02782117 -0.00251007 -0.3798619 0.009764908 0.04292039 0.3515296 -0.01653601 -0.06996346 -0.708249 -0.01455178 -0.05997211 -0.6955209 0.07175764 -0.05836126 -0.3861417 0.0109254 -0.0377522 0.3783717 0.002824488 -0.03234081 0.4021806 0.08653367 0.01462939 -0.6908312 -0.02782117 -0.00251007 -0.3798619 0.009764908 0.04292039 0.3515296 -0.01653601 0.02498476 -0.7115945 0.0564232 -0.05997211 -0.6955209 0.07175764 -0.06996346 -0.708249 -0.01455178 0.01462939 -0.6908312 -0.02782117 0.04833198 0.3753386 0.06717327 -0.0377522 0.3783717 0.002824488 -0.03234081 0.4021806 0.08653367 0.04292039 0.3515296 -0.01653601 0.07627858 -0.5220324 -0.04715037 -0.08112939 -0.6428789 0.1315739 0.0876149 -0.6787826 -0.08396057 0.1872834 -0.4992991 -0.2497652 0.1494433 -0.7659672 -0.2117134 0.1160924 -0.3381397 -0.1469313 0.06814352 -0.2367022 -0.04828785 0.1127966 -0.1473882 -0.1335312 -0.1872836 -0.532296 0.2497652 0.02339063 -0.5201689 -0.08668458 -0.1089513 -0.6418986 0.1107767 -0.1872836 -0.532296 0.2497652 0.04838944 -0.6774006 -0.1132821 0.1872834 -0.4992991 -0.2497652 0.1494433 -0.7659672 -0.2117134 0.1160924 -0.3381397 -0.1469313 0.03966396 -0.2356987 -0.06957661 0.1127966 -0.1473882 -0.1335312 0.07627858 -0.5220324 -0.04715037 0.02339063 -0.5201689 -0.08668458 -0.1872836 -0.532296 0.2497652 0.04838944 -0.6774006 -0.1132821 -0.08112939 -0.6428789 0.1315739 -0.1089513 -0.6418986 0.1107767 0.0876149 -0.6787826 -0.08396057 -0.1872836 -0.532296 0.2497652 0.1494433 -0.7659672 -0.2117134 0.02339063 -0.5201689 -0.08668458 0.06814352 -0.2367022 -0.04828785 0.03966396 -0.2356987 -0.06957661 0.07627858 -0.5220324 -0.04715037 0.1127966 -0.1473882 -0.1335312  
																		<Colors>: 0  
																		<TextureCoords0>: 56 0.7948765 0.3792406 0.7800784 0.3191611 0.7973676 0.3161793 0.8029035 0.5285233 0.7854739 0.5336415 0.8142681 0.3197469 0.8043439 0.3806181 0.8203332 0.5234052 0.7973676 0.3161793 0.7800784 0.3191611 0.7948765 0.3792406 0.8029035 0.5285233 0.7854739 0.5336415 0.8142681 0.3197469 0.8043439 0.3806181 0.8203332 0.5234052 0.840892 0.508054 0.8271129 0.5215091 0.840892 0.534964 0.8543611 0.5215091 0.8409691 0.5081681 0.8409691 0.534977 0.8271365 0.5215725 0.8548015 0.5215725 0.7229226 0.3709128 0.6780902 0.3325204 0.7388493 0.3389782 0.7710382 0.3874327 0.7733905 0.3272564 0.7357972 0.4156787 0.7073368 0.4320641 0.7231975 0.4561021 0.6383355 0.3480508 0.7229226 0.3709128 0.6780902 0.3325204 0.6383355 0.3480508 0.7388493 0.3389782 0.7710382 0.3874327 0.7733905 0.3272564 0.7357972 0.4156787 0.7073368 0.4320641 0.7231975 0.4561021 0.7577301 0.461012 0.7754382 0.461012 0.7665842 0.5353429 0.7540457 0.4464822 0.7417516 0.5019809 0.7519547 0.5019809 0.7396606 0.4464822 0.7468533 0.533821 0.7468533 0.4184164 0.7754382 0.461012 0.7618164 0.4164518 0.771352 0.4164518 0.7577301 0.461012 0.7665842 0.3983806  
																		<TextureCoords1>: 0  
																		<Normals>: 56 0.8280306 -0.001779917 0.5606802 -0.5984888 0.009287348 0.8010774 0.8017834 0.0197006 0.5972898 0.7010482 -0.03932646 0.7120287 -0.5986216 0.004286036 0.8010205 0.5981078 0.09649617 -0.795585 0.5990925 0.02404601 -0.8003187 0.5972684 -0.04150229 -0.800967 -0.7976503 0.07605428 -0.5983057 -0.5984888 0.009287348 0.8010774 -0.7709401 0.05455831 -0.6345666 -0.8818638 0.01644632 -0.4712173 -0.5986216 0.004286036 0.8010205 0.5981078 0.09649617 -0.795585 0.5990925 0.02404601 -0.8003187 0.5972684 -0.04150229 -0.800967 0.0002727679 -0.9988737 -0.0474479 -0.1552008 -0.9745616 0.1616861 0.000272916 -0.9988737 -0.0474481 0.1565829 -0.9543241 -0.2544551 0.2419503 0.9290451 -0.2798842 0.2419503 0.9290451 -0.2798842 0.2419502 0.9290451 -0.2798841 0.2419504 0.9290451 -0.2798843 0.8453004 -0.0212658 0.533868 0.755088 -0.01413592 0.6554711 0.8486186 -0.06651486 0.5248069 0.8779876 0.003280565 0.4786721 0.8823236 -0.05856532 0.4669853 0.8951082 0.03375558 0.4445696 0.8990718 -0.0007561985 0.4378006 0.8925964 -0.01622932 0.4505644 0.7476997 0.008083276 0.6639879 -0.7509953 0.03497849 -0.6593804 -0.8417667 0.0421286 -0.5381951 -0.8468412 0.06426652 -0.5279488 -0.7452917 -0.01035469 -0.666658 -0.7062098 0.05909886 -0.7055318 -0.6990266 -0.002847352 -0.7150899 -0.6769791 0.08914681 -0.7305835 -0.6731687 0.05463998 -0.7374676 -0.6842735 0.03932985 -0.7281641 0.005642776 0.9992017 0.03954877 0.005642776 0.9992017 0.03954877 0.005642777 0.9992017 0.03954877 -0.2194508 -0.9432834 0.2491138 -0.231934 -0.9356046 0.2661775 -0.2319338 -0.9356048 0.2661774 -0.2194505 -0.9432836 0.2491134 -0.3605962 -0.8204122 0.4437278 -0.3385764 -0.8454131 0.4130893 -0.5989785 -0.01388569 0.8006448 -0.5488051 0.3662629 0.7514415 -0.5488051 0.3662632 0.7514415 -0.5989783 -0.01388571 0.8006448 -0.3924356 0.73011 0.5594049  
																		<Tangents>: 56 0.5606376 0.0153587 -0.8279189 0.8010856 -0.003720446 0.5985383 0.5971333 0.0136949 -0.8020251 0.7127939 0.008736053 -0.7013191 0.8009908 -0.006948795 0.5986364 -0.7946216 -0.05758557 -0.6043678 -0.8006782 0.01998089 -0.5987614 -0.7957983 0.09369704 -0.5982691 0.6008158 0.01356496 -0.7992724 -0.7997065 0.05268316 -0.5980753 0.6359977 0.01270528 -0.7715864 0.471461 0.01724037 -0.8817184 -0.7999205 0.04945952 -0.5980642 0.8007035 -0.1137966 0.5881534 0.8005434 -0.03643787 0.598166 0.8020245 0.03740013 0.5961191 0.5991496 0.03815179 -0.7997276 0.5787001 -0.2223373 -0.7846479 0.5991496 0.03815205 -0.7997276 0.5783263 0.2974387 -0.7596505 0.5481248 -0.3688893 -0.750653 0.5481248 -0.3688893 -0.7506529 0.5481281 -0.3688893 -0.7506505 0.5481214 -0.3688894 -0.7506554 0.5154369 -0.2306444 -0.8253049 0.6346915 -0.2348488 -0.7362151 0.4988222 -0.2296954 -0.8357131 0.4667586 -0.2276784 -0.8545753 0.4439139 -0.2260666 -0.8670838 0.4401522 -0.2257961 -0.8690698 0.4264477 -0.2247479 -0.8761454 0.4357512 -0.2254607 -0.8713716 0.6468344 -0.2349933 -0.7255228 0.6351292 -0.2348615 -0.7358335 0.5159265 -0.2306643 -0.8249933 0.5022483 -0.2298991 -0.8336024 0.6498326 -0.235016 -0.7228313 0.677043 -0.2350875 -0.6973856 0.6955461 -0.2349326 -0.6789863 0.6985235 -0.2348996 -0.6759343 0.7092174 -0.2347111 -0.6647717 0.7019862 -0.2348414 -0.6723577 -0.800638 0.02820965 -0.5984839 -0.800638 0.02820965 -0.598484 -0.800638 0.02820965 -0.5984839 -0.8006364 0.02820896 -0.5984862 -0.800637 0.02820808 -0.5984852 -0.8006371 0.02820805 -0.5984852 -0.8006363 0.02820898 -0.5984862 -0.800637 0.02820789 -0.5984854 -0.8006363 0.02820901 -0.5984863 -0.800638 0.02820954 -0.5984841 -0.8006374 0.02821028 -0.5984846 -0.8006374 0.02821033 -0.5984848 -0.800638 0.02820948 -0.598484 -0.8006373 0.02821039 -0.5984848  
																		<BiTangents>: 56 0.00713769 -0.9998806 -0.01371536 -0.008539198 -0.99995 0.005213316 0.02398021 -0.9997122 0.0007835382 -0.02136008 -0.9991882 -0.03415606 -0.008131905 -0.9999667 -0.0007266235 0.1041334 -0.9936662 -0.04223557 -0.001593258 -0.9995112 -0.03122352 -0.09987777 -0.9947354 -0.02293483 -0.05267209 -0.9970114 -0.0565147 -0.04775782 -0.9985681 -0.02410313 -0.0340341 -0.9984298 -0.04449397 -0.006377062 -0.9997162 -0.02295746 -0.04218142 -0.998767 -0.02617905 -0.03378031 -0.9888068 -0.1453274 -0.0147784 -0.9990466 -0.04107953 0.005215962 -0.9984382 0.05562377 0.8006371 -0.02821025 0.5984852 0.8006366 -0.02821028 0.5984858 0.8006371 -0.02821025 0.5984852 0.8006375 -0.02820979 0.5984846 0.8006368 -0.02820924 0.5984856 0.8006368 -0.02820924 0.5984856 0.8006346 -0.02820774 0.5984886 0.8006391 -0.02821081 0.5984825 -0.1406844 -0.9728057 0.1840026 -0.1643437 -0.9719291 0.1683595 -0.176133 -0.970987 0.1617447 -0.1061798 -0.9737309 0.2014301 -0.1563508 -0.9723498 0.1734659 -0.0710461 -0.9735896 0.2169695 -0.09905729 -0.9744167 0.201742 -0.1157263 -0.9741171 0.1941735 -0.1501681 -0.9719634 0.1809329 -0.1806014 -0.9713993 0.154164 -0.1588982 -0.972121 0.1724303 -0.1749477 -0.9710903 0.1624103 -0.1491906 -0.9719363 0.1818843 -0.2070764 -0.9701759 0.1260086 -0.1660646 -0.9720075 0.1662046 -0.2318712 -0.9679231 0.09675097 -0.2094149 -0.9705284 0.1192486 -0.1974468 -0.9712377 0.1330867 0.5991219 0.02828714 -0.8001581 0.5991219 0.02828714 -0.800158 0.5991219 0.02828714 -0.8001581 0.5575149 -0.3307878 -0.7614174 0.5524372 -0.3519207 -0.7556222 0.5524372 -0.3519205 -0.7556223 0.557515 -0.3307873 -0.7614176 0.4784881 -0.5710764 -0.667024 0.4943153 -0.5333676 -0.6864193 0.01427546 0.9995056 0.02801432 0.2404011 0.9300837 -0.2777619 0.2404013 0.9300836 -0.277762 0.0142754 0.9995056 0.02801429 0.4527408 0.6827471 -0.5734825  
																		<SubMeshes>: 1
																			<SubMesh>: 0 120 0 1 2 3 1 0 1 3 4 5 0 2 0 5 6 0 7 3 7 0 6 8 9 10 9 11 10 11 9 12 10 13 8 13 10 14 15 10 11 10 15 14 16 17 18 16 18 19 20 21 22 23 21 20 24 25 26 24 26 27 26 28 27 29 24 27 24 29 30 30 29 31 25 24 32 33 34 35 34 33 36 36 33 37 38 36 37 33 39 37 39 33 40 39 40 41 42 43 44 45 46 47 46 45 48 49 47 46 48 45 50 51 52 53 52 51 54 52 55 53  
																	</Mesh>
																	<Materials>: 1
																		<Material>: 0
																			<AlbedoColor>: 0.5882353 0.5882353 0.5882353 1
																			<EmissiveColor>: 0 0 0 0
																			<Glossiness>: 0
																			<Metallic>: 0
																			<SpecularHighlight>: 1
																			<GlossyReflection>: 1
																			<AlbedoMap>: @ORC_StandardUnits
																			<MetallicMap>: null
																			<NormalMap>: null
																			<EmissionMap>: null
																			<DetailAlbedoMap>: null
																			<DetailNormalMap>: null
																	</Materials>
																	<Children>: 0
																</Frame>
														</Frame>
												</Frame>
										</Frame>
								</Frame>
						</Frame>
				</Frame>
		</Frame>
		<Frame>: 24 0 ORC_Units_Arms_C
			<Transform>: 0 0 0 270 0 0 1.029025 1.029025 1.029025 -0.7071068 0 0 0.7071068  
			<TransformMatrix>: 1.029025 0 0 0 0 -1.226693E-07 -1.029025 0 0 1.029025 -1.226693E-07 0 0 0 0 1  
			<SkinningInfo>:  ORC_Units_Arms_C
				<BonesPerVertex>: 4
				<Bounds>: -0.0256348 -0.04366159 -0.4548848 0.3964854 0.4069548 0.5688524
				<BoneNames>: 6 Bip001_R_Hand Bip001_R_Forearm Bip001_R_UpperArm Bip001_L_Hand Bip001_L_Forearm Bip001_L_UpperArm  
				<BoneOffsets>: 6 -0.7280149 -0.7231266 -0.07729498 0 0.02601655 0.08340289 -1.025309 0 0.7267803 -0.7273406 -0.04072329 0 -0.09746987 1.01606 0.1302732 1 -0.7660174 0.1298883 -0.6747138 0 0.1019725 1.020772 0.08073595 0 0.6794934 -0.006760852 -0.7727453 0 -0.2749143 -0.1269675 1.020334 1 -0.7765115 0.02614135 -0.6747138 0 -0.0356371 1.025234 0.08073602 0 0.6742789 0.0842908 -0.7727454 0 -0.5614265 -0.1626376 1.020334 1 0.728015 0.7231269 -0.07729217 0 0.02601455 0.08340088 1.02531 0 0.7267807 -0.7273404 0.04072325 0 -0.09746984 1.01606 -0.1302733 1 0.7660178 -0.1298855 -0.674714 0 0.1019704 1.020772 -0.0807341 0 0.6794934 -0.006760875 0.7727454 0 -0.2749141 -0.1269674 -1.020334 1 0.7765116 -0.02613852 -0.674714 0 -0.03563932 1.025234 -0.08073412 0 0.674279 0.08429075 0.7727453 0 -0.5614264 -0.1626376 -1.020334 1  
				<BoneWeights>: 40 0 0 0 0 0 0 0 0 1 0 0 0 1 0 0 0 0 0 0 0 0 0 0 0 0 0 0 0 1 0 0 0 1 2 0 0 1 2 0 0 1 2 0 0 1 2 0 0 1 2 0 0 1 0 0 0 0 0 0 0 1 2 0 0 1 0 0 0 1 2 0 0 0 0 0 0 0 0 0 0 3 0 0 0 4 3 0 0 4 3 0 0 3 0 0 0 3 0 0 0 3 0 0 0 3 0 0 0 4 3 0 0 4 5 0 0 4 5 0 0 4 5 0 0 4 5 0 0 4 5 0 0 4 3 0 0 3 0 0 0 4 5 0 0 4 3 0 0 4 5 0 0 3 0 0 0 3 0 0 0 1 0 0 0 1 0 0 0 0.7 0.3 0 0 0.7 0.3 0 0 1 0 0 0 1 0 0 0 1 0 0 0 0.7 0.3 0 0 0.68 0.32 0 0 0.78 0.22 0 0 0.78 0.22 0 0 0.68 0.32 0 0 0.78 0.22 0 0 0.7 0.3 0 0 1 0 0 0 0.78 0.22 0 0 0.7 0.3 0 0 0.68 0.32 0 0 1 0 0 0 1 0 0 0 1 0 0 0 0.7 0.3 0 0 0.7 0.3 0 0 1 0 0 0 1 0 0 0 1 0 0 0 1 0 0 0 0.7 0.3 0 0 0.68 0.32 0 0 0.78 0.22 0 0 0.78 0.22 0 0 0.68 0.32 0 0 0.78 0.22 0 0 0.7 0.3 0 0 1 0 0 0 0.78 0.22 0 0 0.7 0.3 0 0 0.68 0.32 0 0 1 0 0 0 1 0 0 0  
			</SkinningInfo>
			<Mesh>: 40 ORC_Units_Arms_C
				<Bounds>: 0 0.04831872 0.7770231 0.7950364 0.1328484 0.2191124
				<Positions>: 40 0.7950364 0.1482717 0.7126657 0.7122324 0.1374295 0.6352574 0.6248388 0.1571963 0.7529845 0.7086764 0.146838 0.8293535 0.7899947 -0.03920039 0.6928676 0.6912561 -0.0641516 0.5579107 0.7122324 0.1374295 0.6352574 0.695506 -0.01997568 0.8387613 0.4966279 0.1811671 0.905827 0.5504324 0.08474568 0.9961355 0.4940256 -0.02875718 0.9252276 0.4966279 0.1811671 0.905827 0.4343709 0.03588553 0.8379662 0.5783961 -0.02774739 0.7429987 0.5674487 -0.08452971 0.6660284 0.4343709 0.03588553 0.8379662 0.6248388 0.1571963 0.7529845 0.4966279 0.1811671 0.905827 0.6912561 -0.0641516 0.5579107 0.7122324 0.1374295 0.6352574 -0.7950364 0.1482717 0.7126657 -0.7086764 0.146838 0.8293535 -0.6248388 0.1571963 0.7529845 -0.7122324 0.1374295 0.6352574 -0.7899947 -0.03920039 0.6928676 -0.6912561 -0.0641516 0.5579107 -0.7122324 0.1374295 0.6352574 -0.695506 -0.01997568 0.8387613 -0.4966279 0.1811671 0.905827 -0.5504324 0.08474568 0.9961355 -0.4940256 -0.02875718 0.9252276 -0.4966279 0.1811671 0.905827 -0.4343709 0.03588553 0.8379662 -0.5783961 -0.02774739 0.7429987 -0.5674487 -0.08452971 0.6660284 -0.4343709 0.03588553 0.8379662 -0.6248388 0.1571963 0.7529845 -0.4966279 0.1811671 0.905827 -0.6912561 -0.0641516 0.5579107 -0.7122324 0.1374295 0.6352574  
				<Colors>: 0  
				<TextureCoords0>: 40 0.8801012 0.2616404 0.8437985 0.2584401 0.8477009 0.2232762 0.8801489 0.2230174 0.91716 0.2618864 0.9167126 0.2837422 0.8803013 0.2832938 0.9172775 0.2231752 0.8431802 0.1710964 0.8800435 0.1709962 0.917287 0.1711197 0.8808349 0.1345244 0.9176809 0.1345245 0.9566413 0.2260855 0.9536412 0.2351031 0.9550234 0.169623 0.9860349 0.2243926 0.9868902 0.1711284 0.9548304 0.2624657 0.9865932 0.2575328 0.8801012 0.2616404 0.8801489 0.2230174 0.8477009 0.2232762 0.8437985 0.2584401 0.91716 0.2618864 0.9167126 0.2837422 0.8803013 0.2832938 0.9172775 0.2231752 0.8431802 0.1710964 0.8800435 0.1709962 0.917287 0.1711197 0.8808349 0.1345244 0.9176809 0.1345245 0.9566413 0.2260855 0.9536412 0.2351031 0.9550234 0.169623 0.9860349 0.2243926 0.9868902 0.1711284 0.9548304 0.2624657 0.9865932 0.2575328  
				<TextureCoords1>: 0  
				<Normals>: 40 0.8133504 0.5814062 -0.02068622 0.0628587 0.6703727 -0.7393573 -0.3446984 0.8378874 -0.4232348 0.6059924 0.6476048 0.4619322 0.8486843 -0.5279854 -0.03108998 0.02860243 -0.4465073 -0.8943228 0.0628587 0.6703727 -0.7393573 0.5302539 -0.6296554 0.5677719 -0.5110362 0.8193133 0.2599376 -0.01402937 0.09400685 0.9954727 -0.4484378 -0.7269369 0.5200638 -0.5110362 0.8193133 0.2599376 -0.9622403 -0.1142918 -0.2470442 -0.8422465 -0.5383412 -0.02845197 -0.752342 -0.6210853 -0.2196234 -0.9622403 -0.1142918 -0.2470442 -0.3446984 0.8378874 -0.4232348 -0.5110362 0.8193133 0.2599376 0.02860243 -0.4465073 -0.8943228 0.0628587 0.6703727 -0.7393573 -0.8133504 0.5814062 -0.02068622 -0.6059924 0.6476048 0.4619322 0.3446984 0.8378874 -0.4232348 -0.06285863 0.6703727 -0.7393573 -0.8486843 -0.5279854 -0.03108998 -0.0286023 -0.4465074 -0.8943228 -0.06285863 0.6703727 -0.7393573 -0.5302539 -0.6296554 0.5677719 0.5110362 0.8193133 0.2599376 0.01402937 0.09400685 0.9954727 0.4484378 -0.7269369 0.5200638 0.5110362 0.8193133 0.2599376 0.9622403 -0.1142919 -0.2470442 0.8422465 -0.5383412 -0.02845197 0.7523421 -0.6210852 -0.2196234 0.9622403 -0.1142919 -0.2470442 0.3446984 0.8378874 -0.4232348 0.5110362 0.8193133 0.2599376 -0.0286023 -0.4465074 -0.8943228 -0.06285863 0.6703727 -0.7393573  
				<Tangents>: 40 0.5571555 -0.7682056 0.3153378 0.750761 0.456351 0.4776001 0.648371 0.5385513 0.5381241 0.4280464 -0.7549347 0.4968401 -0.4839278 -0.7514582 -0.448469 -0.1577103 -0.8854986 0.4370579 -0.01369764 -0.740173 -0.6722769 -0.5252026 -0.7696515 -0.3630411 0.2545182 -0.1446123 0.9561943 -0.1900685 -0.9776694 0.08964694 -0.4685176 -0.304332 -0.8293813 -0.8378441 -0.4072582 -0.3635353 0.1902531 -0.9314713 -0.3101049 -0.4640582 0.7508665 -0.4699464 -0.4766548 0.74334 -0.4693035 -0.0511054 0.9672955 -0.2484506 0.6505239 0.538266 0.5358063 0.8450788 0.4236282 0.3261609 -0.4619135 0.7875297 -0.407962 0.3059903 0.6921989 0.6536289 -0.5571555 -0.7682056 0.3153378 -0.4280464 -0.7549347 0.4968401 -0.648371 0.5385513 0.5381241 -0.7507609 0.4563511 0.4776001 0.4839278 -0.7514582 -0.448469 0.1577102 -0.8854987 0.4370579 0.01369769 -0.740173 -0.672277 0.5252026 -0.7696515 -0.3630411 -0.2545182 -0.1446123 0.9561943 0.1900685 -0.9776694 0.08964694 0.4685176 -0.304332 -0.8293813 0.8378441 -0.4072582 -0.3635353 -0.1902531 -0.9314713 -0.3101049 0.4640582 0.7508665 -0.4699464 0.4766547 0.74334 -0.4693035 0.05110542 0.9672955 -0.2484506 -0.6505239 0.538266 0.5358063 -0.8450788 0.4236282 0.3261609 0.4619135 0.7875297 -0.4079619 -0.3059903 0.6921988 0.6536288  
				<BiTangents>: 40 -0.1674481 0.2680056 0.948754 -0.6575764 0.5851019 0.474604 -0.6788211 0.08892271 0.7288997 -0.6704846 0.1033529 0.7346895 -0.2134222 -0.3956538 0.8932576 0.9870711 -0.128543 0.09574624 0.9979284 -0.05238591 0.03734379 -0.6655773 0.1056914 0.7388074 -0.8210131 -0.5548088 0.1346281 -0.9816706 0.1879503 -0.03158383 -0.7611799 0.615585 0.2041088 0.1919876 0.403567 -0.8945807 0.1946722 0.3453964 -0.9180436 -0.2743551 0.3826074 0.8822363 -0.4547324 0.2483923 0.8552893 -0.2673607 0.2264439 0.9366117 -0.6767583 0.09063281 0.7306052 -0.1571111 -0.3863478 0.9088737 -0.8864636 -0.4247684 0.1837225 -0.9499573 0.2673224 0.1616168 0.1674481 0.2680056 0.948754 0.6704846 0.1033529 0.7346895 0.6788211 0.08892271 0.7288997 0.6575766 0.5851018 0.474604 0.2134222 -0.3956538 0.8932576 -0.9870711 -0.128543 0.09574606 -0.9979284 -0.0523859 0.03734371 0.6655773 0.1056914 0.7388074 0.8210131 -0.5548088 0.1346281 0.9816706 0.1879503 -0.03158383 0.7611799 0.615585 0.2041088 -0.1919876 0.403567 -0.8945807 -0.1946722 0.3453964 -0.9180436 0.2743551 0.3826074 0.8822363 0.4547324 0.2483923 0.8552893 0.2673607 0.2264439 0.9366117 0.6767583 0.09063281 0.7306052 0.1571111 -0.3863478 0.9088737 0.8864636 -0.4247683 0.1837226 0.9499573 0.2673224 0.1616169  
				<SubMeshes>: 1
					<SubMesh>: 0 132 0 1 2 0 2 3 3 4 0 0 4 5 0 5 6 3 7 4 8 3 2 3 8 9 9 7 3 9 10 7 11 10 9 11 12 10 10 13 7 14 7 13 14 4 7 13 10 15 16 14 13 15 16 13 16 15 17 4 14 18 14 16 19 14 19 18 20 21 22 20 22 23 21 20 24 20 25 24 20 26 25 21 24 27 28 22 21 21 29 28 29 21 27 29 27 30 31 29 30 31 30 32 30 27 33 34 33 27 34 27 24 33 35 30 36 33 34 35 33 36 36 37 35 24 38 34 34 38 39 34 39 36  
			</Mesh>
			<Materials>: 1
				<Material>: 0
					<AlbedoColor>: 0.5882353 0.5882353 0.5882353 1
					<EmissiveColor>: 0 0 0 0
					<Glossiness>: 0
					<Metallic>: 0
					<SpecularHighlight>: 1
					<GlossyReflection>: 1
					<AlbedoMap>: @ORC_StandardUnits
					<MetallicMap>: null
					<NormalMap>: null
					<EmissionMap>: null
					<DetailAlbedoMap>: null
					<DetailNormalMap>: null
			</Materials>
			<Children>: 0
		</Frame>
		<Frame>: 25 0 ORC_Units_Body_D
			<Transform>: 0 0 0 270 0 0 1.029025 1.029025 1.029025 -0.7071068 0 0 0.7071068  
			<TransformMatrix>: 1.029025 0 0 0 0 -1.226693E-07 -1.029025 0 0 1.029025 -1.226693E-07 0 0 0 0 1  
			<SkinningInfo>:  ORC_Units_Body_D
				<BonesPerVertex>: 4
				<Bounds>: -0.0358229 0.04015268 0.005204916 0.5628009 0.4028542 0.6139529
				<BoneNames>: 15 Bip001_R_Thigh Bip001_Pelvis Bip001_Spine Bip001_R_UpperArm Bip001_R_Clavicle Bip001_Head Bip001_R_Calf Bip001_R_Forearm Bip001_R_Hand Bip001_L_Thigh Bip001_L_UpperArm Bip001_L_Clavicle Bip001_L_Calf Bip001_L_Forearm Bip001_L_Hand  
				<BoneOffsets>: 15 -0.08762164 0.04109827 1.024464 0 0.04255156 -1.027166 0.04484613 0 1.024404 0.04618162 0.08576389 0 -0.7438042 0.0105415 -0.1793195 1 1.427692E-06 -2.859967E-06 -1.029025 0 0 -1.029025 2.859967E-06 0 -1.029025 9.166561E-09 -1.427692E-06 0 0.7549366 0.04909494 9.126961E-07 1 0 1.429984E-06 -1.029025 0 0.0008193988 -1.029025 -1.429984E-06 0 -1.029024 -0.0008194355 0 0 0.8706748 0.05008444 6.332994E-08 1 -0.7765115 0.02614135 -0.6747138 0 -0.0356371 1.025234 0.08073602 0 0.6742789 0.0842908 -0.7727454 0 -0.5614265 -0.1626376 1.020334 1 -0.9742849 -0.07547009 -0.3224371 0 -0.07164833 1.026254 -0.02371189 0 0.3233079 3.666624E-08 -0.9769158 0 -0.3130507 -0.04407467 1.168934 1 1.094258E-07 1.448317E-06 -1.029025 0 0.07972785 -1.025932 -1.43915E-06 0 -1.025932 -0.07972785 -2.202839E-07 0 1.329046 0.1172684 2.665911E-07 1 -0.07818897 0.05703594 1.024464 0 -0.1538819 -1.016465 0.04484608 0 1.014445 -0.1497923 0.08576392 0 -0.3381558 0.07635126 -0.1793195 1 -0.7660174 0.1298883 -0.6747138 0 0.1019725 1.020772 0.08073595 0 0.6794934 -0.006760852 -0.7727453 0 -0.2749143 -0.1269675 1.020334 1 -0.7280149 -0.7231266 -0.07729498 0 0.02601655 0.08340289 -1.025309 0 0.7267803 -0.7273406 -0.04072329 0 -0.09746987 1.01606 0.1302732 1 0.08762157 -0.04110107 1.024464 0 0.04255132 -1.027166 -0.04484888 0 1.024404 0.04618165 -0.08576374 0 -0.7438041 0.01054144 0.1793195 1 0.7765116 -0.02613852 -0.674714 0 -0.03563932 1.025234 -0.08073412 0 0.674279 0.08429075 0.7727453 0 -0.5614264 -0.1626376 -1.020334 1 0.9742848 0.07547295 -0.3224371 0 -0.07165107 1.026254 0.02371268 0 0.323308 3.666624E-08 0.9769159 0 -0.3130507 -0.04407462 -1.168934 1 0.0781884 -0.05703877 1.024464 0 -0.1538822 -1.016465 -0.04484895 0 1.014445 -0.1497922 -0.08576373 0 -0.3381558 0.07635125 0.1793195 1 0.7660178 -0.1298855 -0.674714 0 0.1019704 1.020772 -0.0807341 0 0.6794934 -0.006760875 0.7727454 0 -0.2749141 -0.1269674 -1.020334 1 0.728015 0.7231269 -0.07729217 0 0.02601455 0.08340088 1.02531 0 0.7267807 -0.7273404 0.04072325 0 -0.09746984 1.01606 -0.1302733 1  
